-8.3926652e+01 -3.5100048e+01 -3.3550849e+01 -3.3513175e+01 -3.3645129e+01
-8.4325373e+01 -3.5077235e+01 -3.3513908e+01 -3.3476888e+01 -3.3610430e+01
-8.4647728e+01 -3.5037251e+01 -3.3459517e+01 -3.3423182e+01 -3.3558345e+01
-8.4927819e+01 -3.5011746e+01 -3.3419446e+01 -3.3383804e+01 -3.3520596e+01
-8.5137442e+01 -3.4974084e+01 -3.3367107e+01 -3.3332155e+01 -3.3470575e+01
-8.5293897e+01 -3.4947621e+01 -3.3325843e+01 -3.3291572e+01 -3.3431619e+01
-8.5372445e+01 -3.4911803e+01 -3.3275098e+01 -3.3241496e+01 -3.3383167e+01
-8.5398351e+01 -3.4884681e+01 -3.3232891e+01 -3.3199945e+01 -3.3343239e+01
-8.5368923e+01 -3.4850281e+01 -3.3183238e+01 -3.3150931e+01 -3.3295848e+01
-8.5308641e+01 -3.4822591e+01 -3.3140098e+01 -3.3108413e+01 -3.3254955e+01
-8.5214122e+01 -3.4789248e+01 -3.3091099e+01 -3.3060014e+01 -3.3208185e+01
-8.5103707e+01 -3.4761048e+01 -3.3047012e+01 -3.3016509e+01 -3.3166313e+01
-8.4973082e+01 -3.4728473e+01 -3.2998313e+01 -3.2968370e+01 -3.3119813e+01
-8.4834899e+01 -3.4699813e+01 -3.2953276e+01 -3.2923870e+01 -3.3076959e+01
-8.4684899e+01 -3.4667782e+01 -3.2904610e+01 -3.2875718e+01 -3.3030460e+01
-8.4531720e+01 -3.4638713e+01 -3.2858639e+01 -3.2830237e+01 -3.2986641e+01
-8.4371565e+01 -3.4607057e+01 -3.2809809e+01 -3.2781873e+01 -3.2939947e+01
-8.4210422e+01 -3.4577630e+01 -3.2762931e+01 -3.2735437e+01 -3.2895189e+01
-8.4045069e+01 -3.4546226e+01 -3.2713797e+01 -3.2686719e+01 -3.2848159e+01
-8.3879742e+01 -3.4516490e+01 -3.2666049e+01 -3.2639363e+01 -3.2802500e+01
-8.3711788e+01 -3.4485248e+01 -3.2616514e+01 -3.2590194e+01 -3.2755038e+01
-8.3544250e+01 -3.4455248e+01 -3.2567937e+01 -3.2541957e+01 -3.2708517e+01
-8.3374997e+01 -3.4424107e+01 -3.2517936e+01 -3.2492270e+01 -3.2660556e+01
-8.3206236e+01 -3.4393884e+01 -3.2468569e+01 -3.2443192e+01 -3.2613213e+01
-8.3036288e+01 -3.4362801e+01 -3.2418061e+01 -3.2392945e+01 -3.2564710e+01
-8.2866757e+01 -3.4332394e+01 -3.2367945e+01 -3.2343066e+01 -3.2516585e+01
-8.2696345e+01 -3.4301340e+01 -3.2316903e+01 -3.2292233e+01 -3.2467515e+01
-8.2526218e+01 -3.4270783e+01 -3.2266076e+01 -3.2241588e+01 -3.2418642e+01
-8.2355385e+01 -3.4239743e+01 -3.2214487e+01 -3.2190153e+01 -3.2368989e+01
-8.2184692e+01 -3.4209066e+01 -3.2162981e+01 -3.2138776e+01 -3.2319402e+01
-8.2013390e+01 -3.4178032e+01 -3.2110839e+01 -3.2086735e+01 -3.2269160e+01
-8.1842094e+01 -3.4147264e+01 -3.2058684e+01 -3.2034655e+01 -3.2218888e+01
-8.1670244e+01 -3.4116233e+01 -3.2005989e+01 -3.1982007e+01 -3.2168055e+01
-8.1498282e+01 -3.4085398e+01 -3.1953212e+01 -3.1929251e+01 -3.2117122e+01
-8.1325796e+01 -3.4054373e+01 -3.1899968e+01 -3.1875999e+01 -3.2065702e+01
-8.1153104e+01 -3.4023494e+01 -3.1846591e+01 -3.1822589e+01 -3.2014131e+01
-8.0979903e+01 -3.3992480e+01 -3.1792802e+01 -3.1768739e+01 -3.1962128e+01
-8.0806423e+01 -3.3961576e+01 -3.1738845e+01 -3.1714694e+01 -3.1909937e+01
-8.0632444e+01 -3.3930581e+01 -3.1684518e+01 -3.1660253e+01 -3.1857357e+01
-8.0458131e+01 -3.3899672e+01 -3.1629999e+01 -3.1605592e+01 -3.1804563e+01
-8.0283326e+01 -3.3868704e+01 -3.1575142e+01 -3.1550567e+01 -3.1751412e+01
-8.0108150e+01 -3.3837806e+01 -3.1520075e+01 -3.1495304e+01 -3.1698030e+01
-7.9932489e+01 -3.3806874e+01 -3.1464695e+01 -3.1439701e+01 -3.1644315e+01
-7.9756432e+01 -3.3776002e+01 -3.1409094e+01 -3.1383850e+01 -3.1590357e+01
-7.9579900e+01 -3.3745117e+01 -3.1353198e+01 -3.1327677e+01 -3.1536083e+01
-7.9402957e+01 -3.3714286e+01 -3.1297074e+01 -3.1271247e+01 -3.1481559e+01
-7.9225550e+01 -3.3683457e+01 -3.1240670e+01 -3.1214510e+01 -3.1426733e+01
-7.9047728e+01 -3.3652680e+01 -3.1184034e+01 -3.1157513e+01 -3.1371653e+01
-7.8869454e+01 -3.3621918e+01 -3.1127128e+01 -3.1100218e+01 -3.1316280e+01
-7.8690766e+01 -3.3591208e+01 -3.1069988e+01 -3.1042660e+01 -3.1260650e+01
-7.8511643e+01 -3.3560524e+01 -3.1012588e+01 -3.0984813e+01 -3.1204737e+01
-7.8332122e+01 -3.3529898e+01 -3.0954958e+01 -3.0926707e+01 -3.1148570e+01
-7.8152176e+01 -3.3499303e+01 -3.0897070e+01 -3.0868314e+01 -3.1092121e+01
-7.7971837e+01 -3.3468766e+01 -3.0838950e+01 -3.0809659e+01 -3.1035416e+01
-7.7791093e+01 -3.3438271e+01 -3.0780580e+01 -3.0750725e+01 -3.0978436e+01
-7.7609968e+01 -3.3407836e+01 -3.0721976e+01 -3.0691527e+01 -3.0921198e+01
-7.7428458e+01 -3.3377451e+01 -3.0663129e+01 -3.0632055e+01 -3.0863691e+01
-7.7246581e+01 -3.3347129e+01 -3.0604049e+01 -3.0572319e+01 -3.0805925e+01
-7.7064339e+01 -3.3316864e+01 -3.0544729e+01 -3.0512313e+01 -3.0747893e+01
-7.6881748e+01 -3.3286668e+01 -3.0485177e+01 -3.0452044e+01 -3.0689603e+01
-7.6698812e+01 -3.3256536e+01 -3.0425389e+01 -3.0391507e+01 -3.0631051e+01
-7.6515543e+01 -3.3226476e+01 -3.0365371e+01 -3.0330708e+01 -3.0572241e+01
-7.6331949e+01 -3.3196489e+01 -3.0305120e+01 -3.0269643e+01 -3.0513170e+01
-7.6148042e+01 -3.3166578e+01 -3.0244641e+01 -3.0208317e+01 -3.0453843e+01
-7.5963827e+01 -3.3136747e+01 -3.0183933e+01 -3.0146727e+01 -3.0394258e+01
-7.5779317e+01 -3.3106999e+01 -3.0122998e+01 -3.0084877e+01 -3.0334418e+01
-7.5594517e+01 -3.3077336e+01 -3.0061837e+01 -3.0022764e+01 -3.0274321e+01
-7.5409439e+01 -3.3047764e+01 -3.0000452e+01 -2.9960391e+01 -3.0213971e+01
-7.5224088e+01 -3.3018284e+01 -2.9938844e+01 -2.9897758e+01 -3.0153366e+01
-7.5038473e+01 -3.2988902e+01 -2.9877014e+01 -2.9834865e+01 -3.0092509e+01
-7.4852603e+01 -3.2959620e+01 -2.9814964e+01 -2.9771712e+01 -3.0031399e+01
-7.4666485e+01 -3.2930443e+01 -2.9752695e+01 -2.9708301e+01 -2.9970038e+01
-7.4480126e+01 -3.2901374e+01 -2.9690208e+01 -2.9644631e+01 -2.9908426e+01
-7.4293533e+01 -3.2872420e+01 -2.9627503e+01 -2.9580704e+01 -2.9846564e+01
-7.4106715e+01 -3.2843583e+01 -2.9564583e+01 -2.9516520e+01 -2.9784451e+01
-7.3919677e+01 -3.2814869e+01 -2.9501447e+01 -2.9452079e+01 -2.9722090e+01
-7.3732428e+01 -3.2786282e+01 -2.9438097e+01 -2.9387383e+01 -2.9659478e+01
-7.3544974e+01 -3.2757829e+01 -2.9374533e+01 -2.9322432e+01 -2.9596618e+01
-7.3357322e+01 -3.2729513e+01 -2.9310756e+01 -2.9257226e+01 -2.9533509e+01
-7.3169478e+01 -3.2701341e+01 -2.9246767e+01 -2.9191766e+01 -2.9470151e+01
-7.2981448e+01 -3.2673319e+01 -2.9182567e+01 -2.9126052e+01 -2.9406544e+01
-7.2793238e+01 -3.2645453e+01 -2.9118156e+01 -2.9060085e+01 -2.9342688e+01
-7.2604854e+01 -3.2617748e+01 -2.9053535e+01 -2.8993865e+01 -2.9278584e+01
-7.2416301e+01 -3.2590212e+01 -2.8988705e+01 -2.8927392e+01 -2.9214232e+01
-7.2227583e+01 -3.2562852e+01 -2.8923666e+01 -2.8860667e+01 -2.9149632e+01
-7.2038706e+01 -3.2535673e+01 -2.8858420e+01 -2.8793690e+01 -2.9084784e+01
-7.1849674e+01 -3.2508683e+01 -2.8792967e+01 -2.8726461e+01 -2.9019688e+01
-7.1660491e+01 -3.2481890e+01 -2.8727307e+01 -2.8658980e+01 -2.8954345e+01
-7.1471160e+01 -3.2455301e+01 -2.8661443e+01 -2.8591249e+01 -2.8888754e+01
-7.1281685e+01 -3.2428924e+01 -2.8595374e+01 -2.8523268e+01 -2.8822917e+01
-7.1092070e+01 -3.2402769e+01 -2.8529103e+01 -2.8455036e+01 -2.8756832e+01
-7.0902318e+01 -3.2376842e+01 -2.8462629e+01 -2.8386554e+01 -2.8690501e+01
-7.0712432e+01 -3.2351154e+01 -2.8395954e+01 -2.8317823e+01 -2.8623924e+01
-7.0522414e+01 -3.2325713e+01 -2.8329079e+01 -2.8248843e+01 -2.8557100e+01
-7.0332268e+01 -3.2300531e+01 -2.8262006e+01 -2.8179613e+01 -2.8490030e+01
-7.0141995e+01 -3.2275616e+01 -2.8194735e+01 -2.8110136e+01 -2.8422715e+01
-6.9951599e+01 -3.2250979e+01 -2.8127268e+01 -2.8040410e+01 -2.8355153e+01
-6.9761081e+01 -3.2226633e+01 -2.8059607e+01 -2.7970436e+01 -2.8287346e+01
-6.9570443e+01 -3.2202587e+01 -2.7991752e+01 -2.7900215e+01 -2.8219293e+01
-6.9379687e+01 -3.2178854e+01 -2.7923706e+01 -2.7829747e+01 -2.8150995e+01
-6.9188814e+01 -3.2155446e+01 -2.7855469e+01 -2.7759032e+01 -2.8082453e+01
-6.8997825e+01 -3.2132377e+01 -2.7787043e+01 -2.7688071e+01 -2.8013665e+01
-6.8806723e+01 -3.2109659e+01 -2.7718430e+01 -2.7616864e+01 -2.7944634e+01
-6.8615508e+01 -3.2087307e+01 -2.7649631e+01 -2.7545412e+01 -2.7875359e+01
-6.8424181e+01 -3.2065334e+01 -2.7580647e+01 -2.7473715e+01 -2.7805840e+01
-6.8232744e+01 -3.2043757e+01 -2.7511481e+01 -2.7401774e+01 -2.7736079e+01
-6.8041196e+01 -3.2022589e+01 -2.7442134e+01 -2.7329589e+01 -2.7666075e+01
-6.7849538e+01 -3.2001849e+01 -2.7372607e+01 -2.7257161e+01 -2.7595829e+01
-6.7657772e+01 -3.1981552e+01 -2.7302902e+01 -2.7184491e+01 -2.7525341e+01
-6.7465897e+01 -3.1961716e+01 -2.7233021e+01 -2.7111579e+01 -2.7454614e+01
-6.7273914e+01 -3.1942360e+01 -2.7162965e+01 -2.7038425e+01 -2.7383646e+01
-6.7081823e+01 -3.1923501e+01 -2.7092736e+01 -2.6965031e+01 -2.7312438e+01
-6.6889625e+01 -3.1905161e+01 -2.7022336e+01 -2.6891397e+01 -2.7240992e+01
-6.6697319e+01 -3.1887359e+01 -2.6951765e+01 -2.6817523e+01 -2.7169308e+01
-6.6504906e+01 -3.1870118e+01 -2.6881027e+01 -2.6743411e+01 -2.7097387e+01
-6.6312385e+01 -3.1853459e+01 -2.6810121e+01 -2.6669061e+01 -2.7025230e+01
-6.6119757e+01 -3.1837405e+01 -2.6739051e+01 -2.6594473e+01 -2.6952836e+01
-6.5927021e+01 -3.1821981e+01 -2.6667817e+01 -2.6519649e+01 -2.6880208e+01
-6.5734177e+01 -3.1807212e+01 -2.6596422e+01 -2.6444589e+01 -2.6807345e+01
-6.5541225e+01 -3.1793125e+01 -2.6524866e+01 -2.6369293e+01 -2.6734249e+01
-6.5347931e+01 -3.1780240e+01 -2.6453407e+01 -2.6293499e+01 -2.6660742e+01
-6.5154781e+01 -3.1767613e+01 -2.6381539e+01 -2.6217753e+01 -2.6587168e+01
-6.4961523e+01 -3.1755753e+01 -2.6309518e+01 -2.6141777e+01 -2.6513372e+01
-6.4768153e+01 -3.1744686e+01 -2.6237340e+01 -2.6065564e+01 -2.6439347e+01
-6.4574674e+01 -3.1734449e+01 -2.6165011e+01 -2.5989119e+01 -2.6365098e+01
-6.4381082e+01 -3.1725073e+01 -2.6092530e+01 -2.5912440e+01 -2.6290622e+01
-6.4187380e+01 -3.1716595e+01 -2.6019900e+01 -2.5835530e+01 -2.6215919e+01
-6.3993564e+01 -3.1709049e+01 -2.5947122e+01 -2.5758387e+01 -2.6140989e+01
-6.3799637e+01 -3.1702476e+01 -2.5874199e+01 -2.5681013e+01 -2.6065832e+01
-6.3605596e+01 -3.1696912e+01 -2.5801129e+01 -2.5603409e+01 -2.5990448e+01
-6.3411441e+01 -3.1692400e+01 -2.5727917e+01 -2.5525574e+01 -2.5914837e+01
-6.3217172e+01 -3.1688981e+01 -2.5654562e+01 -2.5447509e+01 -2.5838998e+01
-6.3022789e+01 -3.1686700e+01 -2.5581066e+01 -2.5369214e+01 -2.5762931e+01
-6.2828291e+01 -3.1685602e+01 -2.5507429e+01 -2.5290690e+01 -2.5686634e+01
-6.2633680e+01 -3.1685735e+01 -2.5433652e+01 -2.5211937e+01 -2.5610107e+01
-6.2438955e+01 -3.1687149e+01 -2.5359736e+01 -2.5132955e+01 -2.5533346e+01
-6.2244117e+01 -3.1689895e+01 -2.5285683e+01 -2.5053742e+01 -2.5456349e+01
-6.2049166e+01 -3.1694027e+01 -2.5211494e+01 -2.4974299e+01 -2.5379111e+01
-6.1854103e+01 -3.1699601e+01 -2.5137173e+01 -2.4894625e+01 -2.5301628e+01
-6.1658928e+01 -3.1706673e+01 -2.5062721e+01 -2.4814716e+01 -2.5223898e+01
-6.1463642e+01 -3.1715299e+01 -2.4988143e+01 -2.4734573e+01 -2.5145922e+01
-6.1268243e+01 -3.1725536e+01 -2.4913439e+01 -2.4654198e+01 -2.5067704e+01
-6.1072726e+01 -3.1737443e+01 -2.4838611e+01 -2.4573596e+01 -2.4989251e+01
-6.0877081e+01 -3.1751084e+01 -2.4763660e+01 -2.4492775e+01 -2.4910574e+01
-6.0681296e+01 -3.1766526e+01 -2.4688588e+01 -2.4411741e+01 -2.4831678e+01
-6.0485364e+01 -3.1783843e+01 -2.4613401e+01 -2.4330495e+01 -2.4752569e+01
-6.0289282e+01 -3.1803108e+01 -2.4538104e+01 -2.4249035e+01 -2.4673249e+01
-6.0093051e+01 -3.1824397e+01 -2.4462698e+01 -2.4167359e+01 -2.4593717e+01
-5.9896673e+01 -3.1847788e+01 -2.4387188e+01 -2.4085465e+01 -2.4513973e+01
-5.9700152e+01 -3.1873357e+01 -2.4311573e+01 -2.4003352e+01 -2.4434014e+01
-5.9503492e+01 -3.1901184e+01 -2.4235856e+01 -2.3921018e+01 -2.4353839e+01
-5.9306693e+01 -3.1931351e+01 -2.4160037e+01 -2.3838465e+01 -2.4273446e+01
-5.9109758e+01 -3.1963941e+01 -2.4084117e+01 -2.3755694e+01 -2.4192835e+01
-5.8912687e+01 -3.1999038e+01 -2.4008099e+01 -2.3672705e+01 -2.4112003e+01
-5.8715481e+01 -3.2036730e+01 -2.3931983e+01 -2.3589501e+01 -2.4030952e+01
-5.8518139e+01 -3.2077106e+01 -2.3855771e+01 -2.3506082e+01 -2.3949679e+01
-5.8320661e+01 -3.2120255e+01 -2.3779466e+01 -2.3422450e+01 -2.3868185e+01
-5.8123047e+01 -3.2166271e+01 -2.3703070e+01 -2.3338607e+01 -2.3786470e+01
-5.7925296e+01 -3.2215247e+01 -2.3626585e+01 -2.3254552e+01 -2.3704532e+01
-5.7727407e+01 -3.2267278e+01 -2.3550013e+01 -2.3170287e+01 -2.3622373e+01
-5.7529379e+01 -3.2322461e+01 -2.3473357e+01 -2.3085812e+01 -2.3539991e+01
-5.7331211e+01 -3.2380894e+01 -2.3396620e+01 -2.3001128e+01 -2.3457386e+01
-5.7132902e+01 -3.2442675e+01 -2.3319805e+01 -2.2916235e+01 -2.3374559e+01
-5.6934450e+01 -3.2507902e+01 -2.3242913e+01 -2.2831132e+01 -2.3291509e+01
-5.6735855e+01 -3.2576676e+01 -2.3165949e+01 -2.2745821e+01 -2.3208237e+01
-5.6537114e+01 -3.2649095e+01 -2.3088913e+01 -2.2660300e+01 -2.3124743e+01
-5.6338227e+01 -3.2725258e+01 -2.3011810e+01 -2.2574570e+01 -2.3041028e+01
-5.6139192e+01 -3.2805262e+01 -2.2934643e+01 -2.2488630e+01 -2.2957091e+01
-5.5940007e+01 -3.2889203e+01 -2.2857413e+01 -2.2402482e+01 -2.2872934e+01
-5.5740673e+01 -3.2977174e+01 -2.2780124e+01 -2.2316125e+01 -2.2788558e+01
-5.5541186e+01 -3.3069266e+01 -2.2702779e+01 -2.2229559e+01 -2.2703963e+01
-5.5341546e+01 -3.3165569e+01 -2.2625381e+01 -2.2142786e+01 -2.2619149e+01
-5.5141752e+01 -3.3266167e+01 -2.2547934e+01 -2.2055805e+01 -2.2534119e+01
-5.4941802e+01 -3.3371141e+01 -2.2470439e+01 -2.1968617e+01 -2.2448872e+01
-5.4741696e+01 -3.3480566e+01 -2.2392900e+01 -2.1881224e+01 -2.2363410e+01
-5.4541432e+01 -3.3594513e+01 -2.2315321e+01 -2.1793626e+01 -2.2277733e+01
-5.4341009e+01 -3.3713048e+01 -2.2237704e+01 -2.1705823e+01 -2.2191843e+01
-5.4140426e+01 -3.3836228e+01 -2.2160054e+01 -2.1617817e+01 -2.2105739e+01
-5.3939682e+01 -3.3964106e+01 -2.2082373e+01 -2.1529609e+01 -2.2019423e+01
-5.3738776e+01 -3.4096724e+01 -2.2004666e+01 -2.1441199e+01 -2.1932895e+01
-5.3537706e+01 -3.4234117e+01 -2.1926934e+01 -2.1352588e+01 -2.1846156e+01
-5.3336473e+01 -3.4376311e+01 -2.1849183e+01 -2.1263777e+01 -2.1759206e+01
-5.3135076e+01 -3.4523321e+01 -2.1771415e+01 -2.1174766e+01 -2.1672047e+01
-5.2933512e+01 -3.4675152e+01 -2.1693634e+01 -2.1085556e+01 -2.1584677e+01
-5.2731783e+01 -3.4831797e+01 -2.1615844e+01 -2.0996148e+01 -2.1497098e+01
-5.2529887e+01 -3.4993236e+01 -2.1538049e+01 -2.0906541e+01 -2.1409311e+01
-5.2327824e+01 -3.5159438e+01 -2.1460252e+01 -2.0816736e+01 -2.1321315e+01
-5.2125593e+01 -3.5330356e+01 -2.1382458e+01 -2.0726734e+01 -2.1233111e+01
-5.1923193e+01 -3.5505931e+01 -2.1304670e+01 -2.0636535e+01 -2.1144700e+01
-5.1720623e+01 -3.5686087e+01 -2.1226893e+01 -2.0546140e+01 -2.1056082e+01
-5.1517884e+01 -3.5870733e+01 -2.1149131e+01 -2.0455548e+01 -2.0967258e+01
-5.1314773e+01 -3.6059815e+01 -2.1071043e+01 -2.0364189e+01 -2.0878747e+01
-5.1111647e+01 -3.6253095e+01 -2.0993306e+01 -2.0273157e+01 -2.0789558e+01
-5.0908345e+01 -3.6450495e+01 -2.0915596e+01 -2.0181927e+01 -2.0700160e+01
-5.0704871e+01 -3.6651864e+01 -2.0837921e+01 -2.0090506e+01 -2.0610555e+01
-5.0501221e+01 -3.6857024e+01 -2.0760284e+01 -1.9998890e+01 -2.0520743e+01
-5.0297396e+01 -3.7065787e+01 -2.0682692e+01 -1.9907083e+01 -2.0430728e+01
-5.0093394e+01 -3.7277946e+01 -2.0605147e+01 -1.9815082e+01 -2.0340509e+01
-4.9889214e+01 -3.7493276e+01 -2.0527659e+01 -1.9722890e+01 -2.0250087e+01
-4.9684855e+01 -3.7711537e+01 -2.0450230e+01 -1.9630506e+01 -2.0159462e+01
-4.9480317e+01 -3.7932472e+01 -2.0372869e+01 -1.9537931e+01 -2.0068636e+01
-4.9275599e+01 -3.8155809e+01 -2.0295579e+01 -1.9445165e+01 -1.9977608e+01
-4.9070699e+01 -3.8381261e+01 -2.0218369e+01 -1.9352209e+01 -1.9886379e+01
-4.8865617e+01 -3.8608525e+01 -2.0141245e+01 -1.9259062e+01 -1.9794949e+01
-4.8660352e+01 -3.8837288e+01 -2.0064214e+01 -1.9165728e+01 -1.9703318e+01
-4.8454901e+01 -3.9067223e+01 -1.9987282e+01 -1.9072204e+01 -1.9611487e+01
-4.8249265e+01 -3.9297991e+01 -1.9910457e+01 -1.8978494e+01 -1.9519457e+01
-4.8043442e+01 -3.9529245e+01 -1.9833748e+01 -1.8884596e+01 -1.9427228e+01
-4.7837430e+01 -3.9760628e+01 -1.9757161e+01 -1.8790513e+01 -1.9334802e+01
-4.7631230e+01 -3.9991776e+01 -1.9680704e+01 -1.8696245e+01 -1.9242179e+01
-4.7424840e+01 -4.0222320e+01 -1.9604387e+01 -1.8601795e+01 -1.9149360e+01
-4.7218260e+01 -4.0451885e+01 -1.9528217e+01 -1.8507162e+01 -1.9056345e+01
-4.7011489e+01 -4.0680094e+01 -1.9452204e+01 -1.8412349e+01 -1.8963136e+01
-4.6804527e+01 -4.0906568e+01 -1.9376357e+01 -1.8317357e+01 -1.8869731e+01
-4.6597373e+01 -4.1130929e+01 -1.9300686e+01 -1.8222187e+01 -1.8776130e+01
-4.6390027e+01 -4.1352801e+01 -1.9225200e+01 -1.8126841e+01 -1.8682334e+01
-4.6182486e+01 -4.1571812e+01 -1.9149911e+01 -1.8031320e+01 -1.8588343e+01
-4.5974749e+01 -4.1787597e+01 -1.9074829e+01 -1.7935624e+01 -1.8494158e+01
-4.5766813e+01 -4.1999799e+01 -1.8999964e+01 -1.7839753e+01 -1.8399782e+01
-4.5558672e+01 -4.2208068e+01 -1.8925328e+01 -1.7743707e+01 -1.8305217e+01
-4.5350665e+01 -4.2412248e+01 -1.8851383e+01 -1.7647796e+01 -1.8209912e+01
-4.5142044e+01 -4.2611727e+01 -1.8777258e+01 -1.7551373e+01 -1.8115080e+01
-4.4933174e+01 -4.2806305e+01 -1.8703392e+01 -1.7454765e+01 -1.8020109e+01
-4.4724047e+01 -4.2995676e+01 -1.8629787e+01 -1.7357971e+01 -1.7924988e+01
-4.4514670e+01 -4.3179542e+01 -1.8556454e+01 -1.7261001e+01 -1.7829699e+01
-4.4305058e+01 -4.3357612e+01 -1.8483397e+01 -1.7163863e+01 -1.7734208e+01
-4.4095237e+01 -4.3529615e+01 -1.8410635e+01 -1.7066568e+01 -1.7638486e+01
-4.3885223e+01 -4.3695305e+01 -1.8338185e+01 -1.6969116e+01 -1.7542519e+01
-4.3675024e+01 -4.3854464e+01 -1.8266072e+01 -1.6871506e+01 -1.7446310e+01
-4.3464632e+01 -4.4006897e+01 -1.8194319e+01 -1.6773731e+01 -1.7349876e+01
-4.3254040e+01 -4.4152433e+01 -1.8122951e+01 -1.6675787e+01 -1.7253236e+01
-4.3043727e+01 -4.4290261e+01 -1.8051554e+01 -1.6577632e+01 -1.7156131e+01
-4.2832709e+01 -4.4421526e+01 -1.7981019e+01 -1.6479329e+01 -1.7059139e+01
-4.2621462e+01 -4.4545472e+01 -1.7910929e+01 -1.6380851e+01 -1.6961964e+01
-4.2409989e+01 -4.4661991e+01 -1.7841312e+01 -1.6282204e+01 -1.6864610e+01
-4.2198286e+01 -4.4770992e+01 -1.7772187e+01 -1.6183388e+01 -1.6767075e+01
-4.1986355e+01 -4.4872403e+01 -1.7703581e+01 -1.6084405e+01 -1.6669359e+01
-4.1774195e+01 -4.4966168e+01 -1.7635515e+01 -1.5985255e+01 -1.6571459e+01
-4.1561808e+01 -4.5052251e+01 -1.7568017e+01 -1.5885941e+01 -1.6473374e+01
-4.1349191e+01 -4.5130630e+01 -1.7501113e+01 -1.5786461e+01 -1.6375102e+01
-4.1136348e+01 -4.5201301e+01 -1.7434830e+01 -1.5686817e+01 -1.6276641e+01
-4.0923274e+01 -4.5264274e+01 -1.7369196e+01 -1.5587008e+01 -1.6177989e+01
-4.0709972e+01 -4.5319574e+01 -1.7304242e+01 -1.5487035e+01 -1.6079146e+01
-4.0496438e+01 -4.5367239e+01 -1.7239998e+01 -1.5386896e+01 -1.5980110e+01
-4.0282672e+01 -4.5407322e+01 -1.7176497e+01 -1.5286593e+01 -1.5880881e+01
-4.0068671e+01 -4.5439884e+01 -1.7113772e+01 -1.5186123e+01 -1.5781457e+01
-3.9855091e+01 -4.5464558e+01 -1.7051652e+01 -1.5085442e+01 -1.5681834e+01
-3.9640648e+01 -4.5482325e+01 -1.6990562e+01 -1.4984634e+01 -1.5582007e+01
-3.9425965e+01 -4.5492827e+01 -1.6930360e+01 -1.4883664e+01 -1.5481988e+01
-3.9211037e+01 -4.5496165e+01 -1.6871088e+01 -1.4782526e+01 -1.5381773e+01
-3.8995862e+01 -4.5492451e+01 -1.6812786e+01 -1.4681221e+01 -1.5281364e+01
-3.8780436e+01 -4.5481802e+01 -1.6755499e+01 -1.4579749e+01 -1.5180760e+01
-3.8564756e+01 -4.5464340e+01 -1.6699272e+01 -1.4478108e+01 -1.5079958e+01
-3.8348818e+01 -4.5440194e+01 -1.6644153e+01 -1.4376298e+01 -1.4978958e+01
-3.8132620e+01 -4.5409496e+01 -1.6590192e+01 -1.4274319e+01 -1.4877760e+01
-3.7916155e+01 -4.5372385e+01 -1.6537440e+01 -1.4172170e+01 -1.4776361e+01
-3.7699421e+01 -4.5328999e+01 -1.6485950e+01 -1.4069849e+01 -1.4674761e+01
-3.7482412e+01 -4.5279480e+01 -1.6435779e+01 -1.3967357e+01 -1.4572958e+01
-3.7265124e+01 -4.5223972e+01 -1.6386984e+01 -1.3864692e+01 -1.4470952e+01
-3.7047550e+01 -4.5162622e+01 -1.6339626e+01 -1.3761853e+01 -1.4368741e+01
-3.6829687e+01 -4.5095574e+01 -1.6293768e+01 -1.3658839e+01 -1.4266322e+01
-3.6611527e+01 -4.5022975e+01 -1.6249474e+01 -1.3555649e+01 -1.4163696e+01
-3.6393064e+01 -4.4944971e+01 -1.6206812e+01 -1.3452280e+01 -1.4060859e+01
-3.6174292e+01 -4.4861707e+01 -1.6165851e+01 -1.3348732e+01 -1.3957811e+01
-3.5955202e+01 -4.4773326e+01 -1.6126664e+01 -1.3245003e+01 -1.3854548e+01
-3.5735786e+01 -4.4679972e+01 -1.6089325e+01 -1.3141090e+01 -1.3751070e+01
-3.5516036e+01 -4.4581784e+01 -1.6053912e+01 -1.3036990e+01 -1.3647373e+01
-3.5295943e+01 -4.4478902e+01 -1.6020505e+01 -1.2932703e+01 -1.3543454e+01
-3.5075495e+01 -4.4371460e+01 -1.5989185e+01 -1.2828224e+01 -1.3439311e+01
-3.4854683e+01 -4.4259593e+01 -1.5960038e+01 -1.2723551e+01 -1.3334941e+01
-3.4633494e+01 -4.4143431e+01 -1.5933151e+01 -1.2618680e+01 -1.3230339e+01
-3.4411916e+01 -4.4023101e+01 -1.5908613e+01 -1.2513608e+01 -1.3125503e+01
-3.4190641e+01 -4.3898559e+01 -1.5886508e+01 -1.2408306e+01 -1.3020545e+01
-3.3968257e+01 -4.3770261e+01 -1.5866959e+01 -1.2302831e+01 -1.2915231e+01
-3.3745440e+01 -4.3638158e+01 -1.5850044e+01 -1.2197137e+01 -1.2809673e+01
-3.3522172e+01 -4.3502359e+01 -1.5835859e+01 -1.2091220e+01 -1.2703865e+01
-3.3298436e+01 -4.3362977e+01 -1.5824508e+01 -1.1985075e+01 -1.2597798e+01
-3.3074211e+01 -4.3220114e+01 -1.5816091e+01 -1.1878695e+01 -1.2491467e+01
-3.2849479e+01 -4.3073874e+01 -1.5810716e+01 -1.1772076e+01 -1.2384863e+01
-3.2624215e+01 -4.2924352e+01 -1.5808488e+01 -1.1665209e+01 -1.2277980e+01
-3.2398397e+01 -4.2771641e+01 -1.5809516e+01 -1.1558088e+01 -1.2170810e+01
-3.2171999e+01 -4.2615830e+01 -1.5813908e+01 -1.1450703e+01 -1.2063344e+01
-3.1944996e+01 -4.2457005e+01 -1.5821777e+01 -1.1343047e+01 -1.1955572e+01
-3.1717359e+01 -4.2295244e+01 -1.5833231e+01 -1.1235110e+01 -1.1847486e+01
-3.1489059e+01 -4.2130625e+01 -1.5848384e+01 -1.1126882e+01 -1.1739075e+01
-3.1260065e+01 -4.1963220e+01 -1.5867347e+01 -1.1018353e+01 -1.1630329e+01
-3.1030344e+01 -4.1793097e+01 -1.5890232e+01 -1.0909512e+01 -1.1521235e+01
-3.0799864e+01 -4.1620319e+01 -1.5917148e+01 -1.0800347e+01 -1.1411782e+01
-3.0568589e+01 -4.1444949e+01 -1.5948207e+01 -1.0690847e+01 -1.1301958e+01
-3.0336484e+01 -4.1267043e+01 -1.5983517e+01 -1.0580999e+01 -1.1191750e+01
-3.0103514e+01 -4.1086655e+01 -1.6023185e+01 -1.0470791e+01 -1.1081144e+01
-2.9869642e+01 -4.0903836e+01 -1.6067315e+01 -1.0360210e+01 -1.0970128e+01
-2.9634832e+01 -4.0718634e+01 -1.6116009e+01 -1.0249244e+01 -1.0858688e+01
-2.9399050e+01 -4.0531095e+01 -1.6169368e+01 -1.0137881e+01 -1.0746811e+01
-2.9162263e+01 -4.0341263e+01 -1.6227486e+01 -1.0026109e+01 -1.0634484e+01
-2.8924441e+01 -4.0149182e+01 -1.6290455e+01 -9.9139166e+00 -1.0521697e+01
-2.8685558e+01 -3.9954895e+01 -1.6358364e+01 -9.8012955e+00 -1.0408438e+01
-2.8445591e+01 -3.9758444e+01 -1.6431297e+01 -9.6882374e+00 -1.0294699e+01
-2.8204528e+01 -3.9559873e+01 -1.6509333e+01 -9.5747369e+00 -1.0180475e+01
-2.7962360e+01 -3.9359229e+01 -1.6592546e+01 -9.4607912e+00 -1.0065762e+01
-2.7719093e+01 -3.9156562e+01 -1.6681006e+01 -9.3464012e+00 -9.9505606e+00
-2.7474741e+01 -3.8951926e+01 -1.6774779e+01 -9.2315717e+00 -9.8348769e+00
-2.7229336e+01 -3.8745382e+01 -1.6873925e+01 -9.1163129e+00 -9.7187214e+00
-2.6982925e+01 -3.8536996e+01 -1.6978497e+01 -9.0006407e+00 -9.6021110e+00
-2.6735573e+01 -3.8326846e+01 -1.7088548e+01 -8.8845778e+00 -9.4850700e+00
-2.6487370e+01 -3.8115018e+01 -1.7204122e+01 -8.7681548e+00 -9.3676305e+00
-2.6238427e+01 -3.7901612e+01 -1.7325259e+01 -8.6514105e+00 -9.2498332e+00
-2.5988880e+01 -3.7686740e+01 -1.7451995e+01 -8.5343927e+00 -9.1317282e+00
-2.5738894e+01 -3.7470525e+01 -1.7584359e+01 -8.4171590e+00 -9.0133753e+00
-2.5488658e+01 -3.7253109e+01 -1.7722375e+01 -8.2997763e+00 -8.8948437e+00
-2.5238389e+01 -3.7034645e+01 -1.7866060e+01 -8.1823215e+00 -8.7762119e+00
-2.4988326e+01 -3.6815302e+01 -1.8015424e+01 -8.0648798e+00 -8.6575672e+00
-2.4738734e+01 -3.6595259e+01 -1.8170464e+01 -7.9475448e+00 -8.5390041e+00
-2.4489890e+01 -3.6374708e+01 -1.8331171e+01 -7.8304167e+00 -8.4206231e+00
-2.4242087e+01 -3.6153849e+01 -1.8497518e+01 -7.7136005e+00 -8.3025293e+00
-2.3995623e+01 -3.5932887e+01 -1.8669467e+01 -7.5972043e+00 -8.1848301e+00
-2.3750798e+01 -3.5712030e+01 -1.8846957e+01 -7.4813372e+00 -8.0676339e+00
-2.3507904e+01 -3.5491486e+01 -1.9029911e+01 -7.3661075e+00 -7.9510484e+00
-2.3267225e+01 -3.5271458e+01 -1.9218226e+01 -7.2516201e+00 -7.8351791e+00
-2.3029027e+01 -3.5052142e+01 -1.9411776e+01 -7.1379756e+00 -7.7201281e+00
-2.2793559e+01 -3.4833723e+01 -1.9610405e+01 -7.0252677e+00 -7.6059939e+00
-2.2561047e+01 -3.4616372e+01 -1.9813928e+01 -6.9135821e+00 -7.4928694e+00
-2.2331695e+01 -3.4400242e+01 -2.0022127e+01 -6.8029949e+00 -7.3808401e+00
-2.2105683e+01 -3.4185469e+01 -2.0234753e+01 -6.6935709e+00 -7.2699815e+00
-2.1883158e+01 -3.3972169e+01 -2.0451522e+01 -6.5853623e+00 -7.1603556e+00
-2.1664238e+01 -3.3760440e+01 -2.0672123e+01 -6.4784097e+00 -7.0520089e+00
-2.1449008e+01 -3.3550361e+01 -2.0896216e+01 -6.3727415e+00 -6.9449718e+00
-2.1237519e+01 -3.3341997e+01 -2.1123441e+01 -6.2683764e+00 -6.8392609e+00
-2.1029798e+01 -3.3135399e+01 -2.1353413e+01 -6.1653238e+00 -6.7348814e+00
-2.0825845e+01 -3.2930604e+01 -2.1585729e+01 -6.0635852e+00 -6.6318294e+00
-2.0625638e+01 -3.2727638e+01 -2.1819972e+01 -5.9631553e+00 -6.5300944e+00
-2.0429136e+01 -3.2526515e+01 -2.2055708e+01 -5.8640233e+00 -6.4296602e+00
-2.0236287e+01 -3.2327242e+01 -2.2292493e+01 -5.7661730e+00 -6.3305069e+00
-2.0047021e+01 -3.2129815e+01 -2.2529875e+01 -5.6695846e+00 -6.2326111e+00
-1.9860456e+01 -3.1933972e+01 -2.2767154e+01 -5.5743371e+00 -6.1351490e+00
-1.9678051e+01 -3.1740216e+01 -2.3004375e+01 -5.4802158e+00 -6.0396265e+00
-1.9498980e+01 -3.1548263e+01 -2.3240814e+01 -5.3872819e+00 -5.9452871e+00
-1.9323153e+01 -3.1358095e+01 -2.3476017e+01 -5.2955073e+00 -5.8520984e+00
-1.9150471e+01 -3.1169683e+01 -2.3709530e+01 -5.2048601e+00 -5.7600293e+00
-1.8980839e+01 -3.0983002e+01 -2.3940911e+01 -5.1153113e+00 -5.6690500e+00
-1.8814155e+01 -3.0798022e+01 -2.4169725e+01 -5.0268288e+00 -5.5791285e+00
-1.8650324e+01 -3.0614715e+01 -2.4395550e+01 -4.9393829e+00 -5.4902352e+00
-1.8489249e+01 -3.0433049e+01 -2.4617980e+01 -4.8529426e+00 -5.4023383e+00
-1.8330837e+01 -3.0252996e+01 -2.4836622e+01 -4.7674789e+00 -5.3154091e+00
-1.8174993e+01 -3.0074525e+01 -2.5051103e+01 -4.6829623e+00 -5.2294173e+00
-1.8021629e+01 -2.9897606e+01 -2.5261068e+01 -4.5993649e+00 -5.1443353e+00
-1.7870658e+01 -2.9722211e+01 -2.5466181e+01 -4.5166590e+00 -5.0601348e+00
-1.7721996e+01 -2.9548312e+01 -2.5666129e+01 -4.4348186e+00 -4.9767896e+00
-1.7575561e+01 -2.9375880e+01 -2.5860619e+01 -4.3538177e+00 -4.8942735e+00
-1.7431276e+01 -2.9204890e+01 -2.6049382e+01 -4.2736322e+00 -4.8125621e+00
-1.7289065e+01 -2.9035315e+01 -2.6232171e+01 -4.1942383e+00 -4.7316310e+00
-1.7148858e+01 -2.8867130e+01 -2.6408764e+01 -4.1156134e+00 -4.6514578e+00
-1.7010584e+01 -2.8700311e+01 -2.6578960e+01 -4.0377357e+00 -4.5720201e+00
-1.6874178e+01 -2.8534835e+01 -2.6742583e+01 -3.9605847e+00 -4.4932970e+00
-1.6739577e+01 -2.8370679e+01 -2.6899480e+01 -3.8841402e+00 -4.4152680e+00
-1.6606721e+01 -2.8207822e+01 -2.7049521e+01 -3.8083833e+00 -4.3379139e+00
-1.6475551e+01 -2.8046243e+01 -2.7192597e+01 -3.7332958e+00 -4.2612160e+00
-1.6346012e+01 -2.7885923e+01 -2.7328624e+01 -3.6588603e+00 -4.1851564e+00
-1.6218052e+01 -2.7726841e+01 -2.7457536e+01 -3.5850600e+00 -4.1097180e+00
-1.6091620e+01 -2.7568980e+01 -2.7579290e+01 -3.5118791e+00 -4.0348844e+00
-1.5966668e+01 -2.7412322e+01 -2.7693860e+01 -3.4393023e+00 -3.9606397e+00
-1.5843150e+01 -2.7256849e+01 -2.7801242e+01 -3.3673151e+00 -3.8869689e+00
-1.5721021e+01 -2.7102545e+01 -2.7901448e+01 -3.2959036e+00 -3.8138574e+00
-1.5600240e+01 -2.6949394e+01 -2.7994506e+01 -3.2250544e+00 -3.7412911e+00
-1.5480766e+01 -2.6797380e+01 -2.8080462e+01 -3.1547549e+00 -3.6692566e+00
-1.5362560e+01 -2.6646490e+01 -2.8159374e+01 -3.0849928e+00 -3.5977411e+00
-1.5245586e+01 -2.6496707e+01 -2.8231318e+01 -3.0157567e+00 -3.5267320e+00
-1.5129808e+01 -2.6348018e+01 -2.8296378e+01 -2.9470354e+00 -3.4562174e+00
-1.5015192e+01 -2.6200411e+01 -2.8354652e+01 -2.8788183e+00 -3.3861859e+00
-1.4901706e+01 -2.6053871e+01 -2.8406249e+01 -2.8110953e+00 -3.3166264e+00
-1.4789317e+01 -2.5908385e+01 -2.8451285e+01 -2.7438569e+00 -3.2475282e+00
-1.4677997e+01 -2.5763942e+01 -2.8489887e+01 -2.6770937e+00 -3.1788812e+00
-1.4567717e+01 -2.5620530e+01 -2.8522188e+01 -2.6107969e+00 -3.1106754e+00
-1.4458448e+01 -2.5478136e+01 -2.8548329e+01 -2.5449582e+00 -3.0429016e+00
-1.4350165e+01 -2.5336749e+01 -2.8568456e+01 -2.4795695e+00 -2.9755505e+00
-1.4242841e+01 -2.5196358e+01 -2.8582719e+01 -2.4146232e+00 -2.9086133e+00
-1.4136452e+01 -2.5056952e+01 -2.8591273e+01 -2.3501118e+00 -2.8420818e+00
-1.4030975e+01 -2.4918521e+01 -2.8594276e+01 -2.2860285e+00 -2.7759476e+00
-1.3926387e+01 -2.4781054e+01 -2.8591888e+01 -2.2223665e+00 -2.7102029e+00
-1.3822665e+01 -2.4644541e+01 -2.8584272e+01 -2.1591195e+00 -2.6448402e+00
-1.3719790e+01 -2.4508972e+01 -2.8571592e+01 -2.0962814e+00 -2.5798521e+00
-1.3617739e+01 -2.4374337e+01 -2.8554012e+01 -2.0338466e+00 -2.5152316e+00
-1.3516494e+01 -2.4240627e+01 -2.8531695e+01 -1.9718095e+00 -2.4509718e+00
-1.3416036e+01 -2.4107832e+01 -2.8504807e+01 -1.9101651e+00 -2.3870661e+00
-1.3316346e+01 -2.3975943e+01 -2.8473509e+01 -1.8489083e+00 -2.3235082e+00
-1.3217406e+01 -2.3844951e+01 -2.8437965e+01 -1.7880348e+00 -2.2602917e+00
-1.3119199e+01 -2.3714847e+01 -2.8398334e+01 -1.7275401e+00 -2.1974108e+00
-1.3021709e+01 -2.3585623e+01 -2.8354775e+01 -1.6674202e+00 -2.1348597e+00
-1.2924918e+01 -2.3457270e+01 -2.8307444e+01 -1.6076714e+00 -2.0726328e+00
-1.2828813e+01 -2.3329779e+01 -2.8256494e+01 -1.5482902e+00 -2.0107245e+00
-1.2733376e+01 -2.3203143e+01 -2.8202077e+01 -1.4892734e+00 -1.9491298e+00
-1.2638594e+01 -2.3077352e+01 -2.8144341e+01 -1.4306180e+00 -1.8878434e+00
-1.2544452e+01 -2.2952399e+01 -2.8083430e+01 -1.3723213e+00 -1.8268604e+00
-1.2450937e+01 -2.2828276e+01 -2.8019486e+01 -1.3143809e+00 -1.7661760e+00
-1.2358034e+01 -2.2704975e+01 -2.7952649e+01 -1.2567947e+00 -1.7057855e+00
-1.2265731e+01 -2.2582488e+01 -2.7883053e+01 -1.1995607e+00 -1.6456844e+00
-1.2174015e+01 -2.2460807e+01 -2.7810831e+01 -1.1426772e+00 -1.5858682e+00
-1.2082873e+01 -2.2339926e+01 -2.7736109e+01 -1.0861429e+00 -1.5263326e+00
-1.1992294e+01 -2.2219835e+01 -2.7659014e+01 -1.0299566e+00 -1.4670733e+00
-1.1902266e+01 -2.2100529e+01 -2.7579665e+01 -9.7411754e-01 -1.4080864e+00
