3.1086117e+01 -8.5007685e+01 -8.5003135e+01 -8.5001031e+01 -8.5000609e+01
3.2051044e+01 -8.5015223e+01 -8.5006229e+01 -8.5002066e+01 -8.5001225e+01
3.2900062e+01 -8.5022656e+01 -8.5009313e+01 -8.5003090e+01 -8.5001826e+01
3.3635218e+01 -8.5029959e+01 -8.5012357e+01 -8.5004112e+01 -8.5002431e+01
3.4252905e+01 -8.5037162e+01 -8.5015386e+01 -8.5005123e+01 -8.5003024e+01
3.4735875e+01 -8.5044244e+01 -8.5018379e+01 -8.5006129e+01 -8.5003619e+01
3.5085401e+01 -8.5051226e+01 -8.5021354e+01 -8.5007125e+01 -8.5004206e+01
3.5328423e+01 -8.5058095e+01 -8.5024298e+01 -8.5008115e+01 -8.5004793e+01
3.5488060e+01 -8.5064864e+01 -8.5027222e+01 -8.5009095e+01 -8.5005374e+01
3.5581046e+01 -8.5071525e+01 -8.5030117e+01 -8.5010069e+01 -8.5005953e+01
3.5625144e+01 -8.5078087e+01 -8.5032992e+01 -8.5011034e+01 -8.5006527e+01
3.5631509e+01 -8.5084545e+01 -8.5035840e+01 -8.5011992e+01 -8.5007098e+01
3.5609582e+01 -8.5090904e+01 -8.5038669e+01 -8.5012942e+01 -8.5007665e+01
3.5566936e+01 -8.5097161e+01 -8.5041473e+01 -8.5013885e+01 -8.5008230e+01
3.5508360e+01 -8.5103320e+01 -8.5044258e+01 -8.5014820e+01 -8.5008789e+01
3.5438336e+01 -8.5109378e+01 -8.5047020e+01 -8.5015749e+01 -8.5009346e+01
3.5359721e+01 -8.5115339e+01 -8.5049763e+01 -8.5016671e+01 -8.5009899e+01
3.5274634e+01 -8.5121198e+01 -8.5052485e+01 -8.5017587e+01 -8.5010449e+01
3.5185148e+01 -8.5126960e+01 -8.5055190e+01 -8.5018495e+01 -8.5010995e+01
3.5091903e+01 -8.5132620e+01 -8.5057874e+01 -8.5019398e+01 -8.5011538e+01
3.4996516e+01 -8.5138180e+01 -8.5060542e+01 -8.5020295e+01 -8.5012077e+01
3.4898877e+01 -8.5143639e+01 -8.5063192e+01 -8.5021186e+01 -8.5012614e+01
3.4800213e+01 -8.5148996e+01 -8.5065826e+01 -8.5022072e+01 -8.5013148e+01
3.4700137e+01 -8.5154248e+01 -8.5068444e+01 -8.5022952e+01 -8.5013678e+01
3.4599515e+01 -8.5159395e+01 -8.5071046e+01 -8.5023827e+01 -8.5014206e+01
3.4497934e+01 -8.5164432e+01 -8.5073633e+01 -8.5024698e+01 -8.5014731e+01
3.4395949e+01 -8.5169357e+01 -8.5076205e+01 -8.5025564e+01 -8.5015254e+01
3.4293227e+01 -8.5174166e+01 -8.5078764e+01 -8.5026426e+01 -8.5015774e+01
3.4190083e+01 -8.5178853e+01 -8.5081309e+01 -8.5027283e+01 -8.5016291e+01
3.4086283e+01 -8.5183414e+01 -8.5083840e+01 -8.5028137e+01 -8.5016807e+01
3.3981975e+01 -8.5187843e+01 -8.5086360e+01 -8.5028987e+01 -8.5017321e+01
3.3877014e+01 -8.5192132e+01 -8.5088867e+01 -8.5029834e+01 -8.5017832e+01
3.3771441e+01 -8.5196276e+01 -8.5091362e+01 -8.5030677e+01 -8.5018342e+01
3.3665177e+01 -8.5200267e+01 -8.5093845e+01 -8.5031518e+01 -8.5018850e+01
3.3558202e+01 -8.5204097e+01 -8.5096318e+01 -8.5032355e+01 -8.5019356e+01
3.3450481e+01 -8.5207758e+01 -8.5098780e+01 -8.5033189e+01 -8.5019860e+01
3.3341965e+01 -8.5211243e+01 -8.5101231e+01 -8.5034020e+01 -8.5020364e+01
3.3232648e+01 -8.5214543e+01 -8.5103673e+01 -8.5034849e+01 -8.5020866e+01
3.3122471e+01 -8.5217651e+01 -8.5106105e+01 -8.5035675e+01 -8.5021366e+01
3.3011443e+01 -8.5220558e+01 -8.5108527e+01 -8.5036499e+01 -8.5021866e+01
3.2899510e+01 -8.5223255e+01 -8.5110940e+01 -8.5037320e+01 -8.5022364e+01
3.2786689e+01 -8.5225736e+01 -8.5113345e+01 -8.5038138e+01 -8.5022861e+01
3.2672935e+01 -8.5227992e+01 -8.5115741e+01 -8.5038954e+01 -8.5023358e+01
3.2558268e+01 -8.5230014e+01 -8.5118129e+01 -8.5039768e+01 -8.5023854e+01
3.2442655e+01 -8.5231796e+01 -8.5120508e+01 -8.5040580e+01 -8.5024348e+01
3.2326118e+01 -8.5233330e+01 -8.5122881e+01 -8.5041389e+01 -8.5024843e+01
3.2208635e+01 -8.5234607e+01 -8.5125245e+01 -8.5042196e+01 -8.5025336e+01
3.2090229e+01 -8.5235620e+01 -8.5127603e+01 -8.5043001e+01 -8.5025829e+01
3.1970887e+01 -8.5236363e+01 -8.5129953e+01 -8.5043804e+01 -8.5026321e+01
3.1850633e+01 -8.5236827e+01 -8.5132297e+01 -8.5044605e+01 -8.5026813e+01
3.1729467e+01 -8.5237016e+01 -8.5134645e+01 -8.5045415e+01 -8.5027313e+01
3.1607412e+01 -8.5236913e+01 -8.5136988e+01 -8.5046224e+01 -8.5027821e+01
3.1484464e+01 -8.5236508e+01 -8.5139324e+01 -8.5047031e+01 -8.5028318e+01
3.1360654e+01 -8.5235794e+01 -8.5141653e+01 -8.5047836e+01 -8.5028823e+01
3.1235986e+01 -8.5234765e+01 -8.5143977e+01 -8.5048639e+01 -8.5029323e+01
3.1110486e+01 -8.5233412e+01 -8.5146294e+01 -8.5049441e+01 -8.5029824e+01
3.0984167e+01 -8.5231728e+01 -8.5148606e+01 -8.5050241e+01 -8.5030324e+01
3.0857053e+01 -8.5229705e+01 -8.5150912e+01 -8.5051040e+01 -8.5030825e+01
3.0729160e+01 -8.5227335e+01 -8.5153212e+01 -8.5051837e+01 -8.5031324e+01
3.0600512e+01 -8.5224609e+01 -8.5155507e+01 -8.5052634e+01 -8.5031825e+01
3.0471128e+01 -8.5221521e+01 -8.5157796e+01 -8.5053429e+01 -8.5032324e+01
3.0341030e+01 -8.5218059e+01 -8.5160081e+01 -8.5054224e+01 -8.5032824e+01
3.0210240e+01 -8.5214217e+01 -8.5162360e+01 -8.5055018e+01 -8.5033323e+01
3.0078781e+01 -8.5209984e+01 -8.5164634e+01 -8.5055811e+01 -8.5033823e+01
2.9946674e+01 -8.5205350e+01 -8.5166903e+01 -8.5056604e+01 -8.5034322e+01
2.9813941e+01 -8.5200307e+01 -8.5169167e+01 -8.5057396e+01 -8.5034821e+01
2.9680604e+01 -8.5194843e+01 -8.5171425e+01 -8.5058188e+01 -8.5035320e+01
2.9546685e+01 -8.5188947e+01 -8.5173679e+01 -8.5058980e+01 -8.5035818e+01
2.9412206e+01 -8.5182608e+01 -8.5175927e+01 -8.5059773e+01 -8.5036317e+01
2.9277189e+01 -8.5175814e+01 -8.5178170e+01 -8.5060565e+01 -8.5036815e+01
2.9141653e+01 -8.5168553e+01 -8.5180407e+01 -8.5061357e+01 -8.5037314e+01
2.9005621e+01 -8.5160812e+01 -8.5182638e+01 -8.5062150e+01 -8.5037812e+01
2.8869113e+01 -8.5152576e+01 -8.5184863e+01 -8.5062943e+01 -8.5038311e+01
2.8732149e+01 -8.5143831e+01 -8.5187082e+01 -8.5063736e+01 -8.5038809e+01
2.8594748e+01 -8.5134562e+01 -8.5189294e+01 -8.5064530e+01 -8.5039307e+01
2.8456929e+01 -8.5124754e+01 -8.5191500e+01 -8.5065324e+01 -8.5039804e+01
2.8318712e+01 -8.5114389e+01 -8.5193698e+01 -8.5066118e+01 -8.5040302e+01
2.8180116e+01 -8.5103449e+01 -8.5195890e+01 -8.5066912e+01 -8.5040799e+01
2.8041157e+01 -8.5091917e+01 -8.5198074e+01 -8.5067707e+01 -8.5041295e+01
2.7901855e+01 -8.5079773e+01 -8.5200250e+01 -8.5068501e+01 -8.5041792e+01
2.7762225e+01 -8.5066997e+01 -8.5202419e+01 -8.5069296e+01 -8.5042287e+01
2.7622286e+01 -8.5053566e+01 -8.5204581e+01 -8.5070091e+01 -8.5042783e+01
2.7482053e+01 -8.5039458e+01 -8.5206734e+01 -8.5070886e+01 -8.5043278e+01
2.7341542e+01 -8.5024651e+01 -8.5208880e+01 -8.5071681e+01 -8.5043773e+01
2.7200770e+01 -8.5009118e+01 -8.5211017e+01 -8.5072477e+01 -8.5044268e+01
2.7059751e+01 -8.4992833e+01 -8.5213147e+01 -8.5073272e+01 -8.5044763e+01
2.6918500e+01 -8.4975770e+01 -8.5215269e+01 -8.5074068e+01 -8.5045257e+01
2.6777031e+01 -8.4957899e+01 -8.5217383e+01 -8.5074864e+01 -8.5045752e+01
2.6635358e+01 -8.4939190e+01 -8.5219489e+01 -8.5075660e+01 -8.5046247e+01
2.6493494e+01 -8.4919612e+01 -8.5221588e+01 -8.5076457e+01 -8.5046742e+01
2.6351452e+01 -8.4899131e+01 -8.5223678e+01 -8.5077255e+01 -8.5047237e+01
2.6209246e+01 -8.4877713e+01 -8.5225760e+01 -8.5078054e+01 -8.5047733e+01
2.6066886e+01 -8.4855321e+01 -8.5227835e+01 -8.5078853e+01 -8.5048229e+01
2.5924385e+01 -8.4831916e+01 -8.5229901e+01 -8.5079653e+01 -8.5048725e+01
2.5781754e+01 -8.4807459e+01 -8.5231959e+01 -8.5080455e+01 -8.5049222e+01
2.5639004e+01 -8.4781906e+01 -8.5234009e+01 -8.5081257e+01 -8.5049720e+01
2.5496146e+01 -8.4755215e+01 -8.5236050e+01 -8.5082061e+01 -8.5050218e+01
2.5353190e+01 -8.4727338e+01 -8.5238082e+01 -8.5082866e+01 -8.5050718e+01
2.5210145e+01 -8.4698227e+01 -8.5240106e+01 -8.5083673e+01 -8.5051218e+01
2.5067022e+01 -8.4667832e+01 -8.5242119e+01 -8.5084481e+01 -8.5051719e+01
2.4923830e+01 -8.4636097e+01 -8.5244123e+01 -8.5085291e+01 -8.5052222e+01
2.4780577e+01 -8.4602969e+01 -8.5246117e+01 -8.5086103e+01 -8.5052726e+01
2.4637273e+01 -8.4568387e+01 -8.5248101e+01 -8.5086917e+01 -8.5053231e+01
2.4493925e+01 -8.4532292e+01 -8.5250073e+01 -8.5087732e+01 -8.5053738e+01
2.4350541e+01 -8.4494617e+01 -8.5252035e+01 -8.5088549e+01 -8.5054247e+01
2.4207130e+01 -8.4455297e+01 -8.5253984e+01 -8.5089368e+01 -8.5054757e+01
2.4063698e+01 -8.4414261e+01 -8.5255921e+01 -8.5090189e+01 -8.5055268e+01
2.3920254e+01 -8.4371435e+01 -8.5257845e+01 -8.5091012e+01 -8.5055782e+01
2.3776803e+01 -8.4326742e+01 -8.5259756e+01 -8.5091836e+01 -8.5056297e+01
2.3633353e+01 -8.4280101e+01 -8.5261652e+01 -8.5092662e+01 -8.5056814e+01
2.3489911e+01 -8.4231428e+01 -8.5263534e+01 -8.5093490e+01 -8.5057332e+01
2.3346482e+01 -8.4180635e+01 -8.5265401e+01 -8.5094319e+01 -8.5057853e+01
2.3203073e+01 -8.4127629e+01 -8.5267251e+01 -8.5095149e+01 -8.5058375e+01
2.3059689e+01 -8.4072313e+01 -8.5269086e+01 -8.5095981e+01 -8.5058899e+01
2.2916337e+01 -8.4014587e+01 -8.5270902e+01 -8.5096814e+01 -8.5059425e+01
2.2773021e+01 -8.3954345e+01 -8.5272701e+01 -8.5097648e+01 -8.5059952e+01
2.2629748e+01 -8.3891477e+01 -8.5274481e+01 -8.5098483e+01 -8.5060481e+01
2.2486522e+01 -8.3825867e+01 -8.5276242e+01 -8.5099319e+01 -8.5061011e+01
2.2343348e+01 -8.3757395e+01 -8.5277983e+01 -8.5100157e+01 -8.5061543e+01
2.2200231e+01 -8.3685934e+01 -8.5279702e+01 -8.5100995e+01 -8.5062076e+01
2.2057166e+01 -8.3611368e+01 -8.5281429e+01 -8.5101886e+01 -8.5062688e+01
2.1914154e+01 -8.3533540e+01 -8.5283118e+01 -8.5102776e+01 -8.5063295e+01
2.1771217e+01 -8.3452318e+01 -8.5284790e+01 -8.5103656e+01 -8.5063878e+01
2.1628351e+01 -8.3367543e+01 -8.5286438e+01 -8.5104543e+01 -8.5064467e+01
2.1485566e+01 -8.3279065e+01 -8.5288064e+01 -8.5105422e+01 -8.5065034e+01
2.1342863e+01 -8.3186717e+01 -8.5289664e+01 -8.5106305e+01 -8.5065609e+01
2.1200249e+01 -8.3090332e+01 -8.5291239e+01 -8.5107182e+01 -8.5066169e+01
2.1057726e+01 -8.2989731e+01 -8.5292786e+01 -8.5108063e+01 -8.5066734e+01
2.0915298e+01 -8.2884729e+01 -8.5294305e+01 -8.5108938e+01 -8.5067287e+01
2.0772968e+01 -8.2775135e+01 -8.5295795e+01 -8.5109815e+01 -8.5067845e+01
2.0630740e+01 -8.2660747e+01 -8.5297254e+01 -8.5110688e+01 -8.5068394e+01
2.0488616e+01 -8.2541357e+01 -8.5298682e+01 -8.5111562e+01 -8.5068945e+01
2.0346600e+01 -8.2416749e+01 -8.5300078e+01 -8.5112433e+01 -8.5069491e+01
2.0204694e+01 -8.2286695e+01 -8.5301440e+01 -8.5113304e+01 -8.5070038e+01
2.0062901e+01 -8.2150961e+01 -8.5302768e+01 -8.5114174e+01 -8.5070581e+01
1.9921223e+01 -8.2009302e+01 -8.5304061e+01 -8.5115043e+01 -8.5071125e+01
1.9779662e+01 -8.1861466e+01 -8.5305318e+01 -8.5115911e+01 -8.5071667e+01
1.9638221e+01 -8.1707188e+01 -8.5306538e+01 -8.5116780e+01 -8.5072210e+01
1.9496902e+01 -8.1546194e+01 -8.5307720e+01 -8.5117648e+01 -8.5072752e+01
1.9355705e+01 -8.1378200e+01 -8.5308863e+01 -8.5118516e+01 -8.5073295e+01
1.9214633e+01 -8.1202913e+01 -8.5309965e+01 -8.5119385e+01 -8.5073838e+01
1.9073688e+01 -8.1020027e+01 -8.5311024e+01 -8.5120254e+01 -8.5074384e+01
1.8932871e+01 -8.0829227e+01 -8.5312040e+01 -8.5121123e+01 -8.5074930e+01
1.8792185e+01 -8.0630185e+01 -8.5313010e+01 -8.5121994e+01 -8.5075478e+01
1.8651630e+01 -8.0422563e+01 -8.5313933e+01 -8.5122864e+01 -8.5076027e+01
1.8511209e+01 -8.0206013e+01 -8.5314808e+01 -8.5123735e+01 -8.5076578e+01
1.8370922e+01 -7.9980172e+01 -8.5315632e+01 -8.5124606e+01 -8.5077131e+01
1.8230770e+01 -7.9744669e+01 -8.5316403e+01 -8.5125478e+01 -8.5077685e+01
1.8090754e+01 -7.9499119e+01 -8.5317119e+01 -8.5126350e+01 -8.5078240e+01
1.7950876e+01 -7.9243126e+01 -8.5317779e+01 -8.5127222e+01 -8.5078796e+01
1.7811137e+01 -7.8976285e+01 -8.5318379e+01 -8.5128095e+01 -8.5079352e+01
1.7671537e+01 -7.8698176e+01 -8.5318918e+01 -8.5128968e+01 -8.5079909e+01
1.7532078e+01 -7.8408371e+01 -8.5319394e+01 -8.5129843e+01 -8.5080467e+01
1.7392762e+01 -7.8106430e+01 -8.5319804e+01 -8.5130718e+01 -8.5081025e+01
1.7253589e+01 -7.7791902e+01 -8.5320147e+01 -8.5131593e+01 -8.5081583e+01
1.7114561e+01 -7.7464326e+01 -8.5320419e+01 -8.5132469e+01 -8.5082141e+01
1.6975679e+01 -7.7123232e+01 -8.5320619e+01 -8.5133346e+01 -8.5082699e+01
1.6836943e+01 -7.6768141e+01 -8.5320743e+01 -8.5134222e+01 -8.5083258e+01
1.6698356e+01 -7.6398565e+01 -8.5320789e+01 -8.5135098e+01 -8.5083817e+01
1.6559917e+01 -7.6014008e+01 -8.5320755e+01 -8.5135974e+01 -8.5084376e+01
1.6421629e+01 -7.5613968e+01 -8.5320636e+01 -8.5136850e+01 -8.5084936e+01
1.6283491e+01 -7.5197936e+01 -8.5320430e+01 -8.5137725e+01 -8.5085497e+01
1.6145504e+01 -7.4765399e+01 -8.5320133e+01 -8.5138599e+01 -8.5086059e+01
1.6007670e+01 -7.4315839e+01 -8.5319743e+01 -8.5139472e+01 -8.5086622e+01
1.5869989e+01 -7.3848737e+01 -8.5319255e+01 -8.5140343e+01 -8.5087187e+01
1.5732462e+01 -7.3363572e+01 -8.5318665e+01 -8.5141214e+01 -8.5087754e+01
1.5595089e+01 -7.2859824e+01 -8.5317970e+01 -8.5142082e+01 -8.5088323e+01
1.5457871e+01 -7.2336976e+01 -8.5317165e+01 -8.5142950e+01 -8.5088895e+01
1.5320808e+01 -7.1794512e+01 -8.5316247e+01 -8.5143816e+01 -8.5089470e+01
1.5183901e+01 -7.1231927e+01 -8.5315210e+01 -8.5144680e+01 -8.5090048e+01
1.5047150e+01 -7.0648721e+01 -8.5314051e+01 -8.5145543e+01 -8.5090629e+01
1.4910557e+01 -7.0044406e+01 -8.5312764e+01 -8.5146405e+01 -8.5091213e+01
1.4774120e+01 -6.9418505e+01 -8.5311344e+01 -8.5147265e+01 -8.5091800e+01
1.4637840e+01 -6.8770560e+01 -8.5309786e+01 -8.5148124e+01 -8.5092391e+01
1.4501718e+01 -6.8100128e+01 -8.5308084e+01 -8.5148982e+01 -8.5092985e+01
1.4365753e+01 -6.7406791e+01 -8.5306233e+01 -8.5149838e+01 -8.5093582e+01
1.4229947e+01 -6.6690151e+01 -8.5304226e+01 -8.5150694e+01 -8.5094183e+01
1.4094298e+01 -6.5949842e+01 -8.5302058e+01 -8.5151548e+01 -8.5094786e+01
1.3958808e+01 -6.5185524e+01 -8.5299720e+01 -8.5152401e+01 -8.5095393e+01
1.3823475e+01 -6.4396893e+01 -8.5297208e+01 -8.5153253e+01 -8.5096002e+01
1.3688301e+01 -6.3583683e+01 -8.5294512e+01 -8.5154103e+01 -8.5096615e+01
1.3553286e+01 -6.2745666e+01 -8.5291626e+01 -8.5154952e+01 -8.5097230e+01
1.3418429e+01 -6.1882660e+01 -8.5288540e+01 -8.5155800e+01 -8.5097848e+01
1.3283730e+01 -6.0994529e+01 -8.5285248e+01 -8.5156647e+01 -8.5098469e+01
1.3149190e+01 -6.0081189e+01 -8.5281740e+01 -8.5157492e+01 -8.5099093e+01
1.3014810e+01 -5.9142607e+01 -8.5278008e+01 -8.5158336e+01 -8.5099718e+01
1.2880588e+01 -5.8178809e+01 -8.5274040e+01 -8.5159179e+01 -8.5100347e+01
1.2746525e+01 -5.7189882e+01 -8.5269829e+01 -8.5160022e+01 -8.5100977e+01
1.2612621e+01 -5.6175975e+01 -8.5265362e+01 -8.5160863e+01 -8.5101610e+01
1.2478876e+01 -5.5137301e+01 -8.5260630e+01 -8.5161703e+01 -8.5102246e+01
1.2345291e+01 -5.4074145e+01 -8.5255620e+01 -8.5162543e+01 -8.5102883e+01
1.2211838e+01 -5.2986839e+01 -8.5250326e+01 -8.5163399e+01 -8.5103431e+01
1.2078537e+01 -5.1875817e+01 -8.5244747e+01 -8.5164278e+01 -8.5103981e+01
1.1945404e+01 -5.0741591e+01 -8.5238842e+01 -8.5165142e+01 -8.5104556e+01
1.1812426e+01 -4.9584730e+01 -8.5232612e+01 -8.5166015e+01 -8.5105122e+01
1.1679612e+01 -4.8405890e+01 -8.5226030e+01 -8.5166878e+01 -8.5105711e+01
1.1546953e+01 -4.7205789e+01 -8.5219092e+01 -8.5167747e+01 -8.5106289e+01
1.1414457e+01 -4.5985235e+01 -8.5211772e+01 -8.5168609e+01 -8.5106883e+01
1.1282116e+01 -4.4745100e+01 -8.5204062e+01 -8.5169474e+01 -8.5107470e+01
1.1149936e+01 -4.3486340e+01 -8.5195938e+01 -8.5170334e+01 -8.5108066e+01
1.1017913e+01 -4.2209972e+01 -8.5187387e+01 -8.5171196e+01 -8.5108657e+01
1.0886049e+01 -4.0917094e+01 -8.5178384e+01 -8.5172055e+01 -8.5109256e+01
1.0754341e+01 -3.9608864e+01 -8.5168913e+01 -8.5172914e+01 -8.5109850e+01
1.0622793e+01 -3.8286510e+01 -8.5158950e+01 -8.5173771e+01 -8.5110449e+01
1.0491400e+01 -3.6951314e+01 -8.5148474e+01 -8.5174628e+01 -8.5111044e+01
1.0360165e+01 -3.5604621e+01 -8.5137460e+01 -8.5175482e+01 -8.5111643e+01
1.0229085e+01 -3.4247822e+01 -8.5125886e+01 -8.5176336e+01 -8.5112239e+01
1.0098162e+01 -3.2882359e+01 -8.5113722e+01 -8.5177187e+01 -8.5112837e+01
9.9673936e+00 -3.1509710e+01 -8.5100944e+01 -8.5178038e+01 -8.5113433e+01
9.8367802e+00 -3.0131394e+01 -8.5087522e+01 -8.5178886e+01 -8.5114029e+01
9.7063208e+00 -2.8748953e+01 -8.5073426e+01 -8.5179732e+01 -8.5114624e+01
9.5760154e+00 -2.7363956e+01 -8.5058625e+01 -8.5180575e+01 -8.5115219e+01
9.4458632e+00 -2.5977984e+01 -8.5043086e+01 -8.5181416e+01 -8.5115812e+01
9.3158642e+00 -2.4592632e+01 -8.5026773e+01 -8.5182254e+01 -8.5116404e+01
9.1860179e+00 -2.3209491e+01 -8.5009652e+01 -8.5183089e+01 -8.5116994e+01
9.0563242e+00 -2.1830154e+01 -8.4991683e+01 -8.5183920e+01 -8.5117583e+01
8.9267830e+00 -2.0456197e+01 -8.4972827e+01 -8.5184747e+01 -8.5118170e+01
8.7973942e+00 -1.9089181e+01 -8.4953043e+01 -8.5185571e+01 -8.5118755e+01
8.6681578e+00 -1.7730640e+01 -8.4932286e+01 -8.5186392e+01 -8.5119337e+01
8.5390737e+00 -1.6382078e+01 -8.4910511e+01 -8.5187208e+01 -8.5119918e+01
8.4101904e+00 -1.5044959e+01 -8.4887680e+01 -8.5188027e+01 -8.5120587e+01
8.2814661e+00 -1.3720724e+01 -8.4863717e+01 -8.5188829e+01 -8.5121244e+01
8.1528667e+00 -1.2410721e+01 -8.4838593e+01 -8.5189639e+01 -8.5121859e+01
8.0244221e+00 -1.1116283e+01 -8.4812242e+01 -8.5190444e+01 -8.5122470e+01
7.8961081e+00 -9.8386612e+00 -8.4784614e+01 -8.5191255e+01 -8.5123047e+01
7.7679455e+00 -8.5790645e+00 -8.4755643e+01 -8.5192062e+01 -8.5123628e+01
7.6399189e+00 -7.3386187e+00 -8.4725269e+01 -8.5192872e+01 -8.5124190e+01
7.5120430e+00 -6.1183970e+00 -8.4693422e+01 -8.5193679e+01 -8.5124763e+01
7.3843082e+00 -4.9193873e+00 -8.4660035e+01 -8.5194486e+01 -8.5125329e+01
7.2567246e+00 -3.7425160e+00 -8.4625032e+01 -8.5195292e+01 -8.5125907e+01
7.1292852e+00 -2.5886236e+00 -8.4588338e+01 -8.5196098e+01 -8.5126484e+01
7.0019700e+00 -1.4584991e+00 -8.4549851e+01 -8.5196876e+01 -8.5126991e+01
6.8747940e+00 -3.5279861e-01 -8.4509518e+01 -8.5197660e+01 -8.5127495e+01
6.7477767e+00 7.2784131e-01 -8.4467232e+01 -8.5198440e+01 -8.5128022e+01
6.6208990e+00 1.7828934e+00 -8.4422904e+01 -8.5199218e+01 -8.5128539e+01
6.4941754e+00 2.8118874e+00 -8.4376433e+01 -8.5199992e+01 -8.5129074e+01
6.3675922e+00 3.8144421e+00 -8.4327718e+01 -8.5200764e+01 -8.5129596e+01
6.2411591e+00 4.7902371e+00 -8.4276648e+01 -8.5201532e+01 -8.5130130e+01
6.1148668e+00 5.7390328e+00 -8.4223114e+01 -8.5202297e+01 -8.5130653e+01
5.9887217e+00 6.6606498e+00 -8.4166994e+01 -8.5203059e+01 -8.5131183e+01
5.8627174e+00 7.5549812e+00 -8.4108167e+01 -8.5203817e+01 -8.5131704e+01
5.7368580e+00 8.4219784e+00 -8.4046502e+01 -8.5204571e+01 -8.5132229e+01
5.6111391e+00 9.2616569e+00 -8.3981863e+01 -8.5205321e+01 -8.5132747e+01
5.4855633e+00 1.0074086e+01 -8.3914108e+01 -8.5206066e+01 -8.5133266e+01
5.3601275e+00 1.0859392e+01 -8.3843089e+01 -8.5206807e+01 -8.5133779e+01
5.2348332e+00 1.1617748e+01 -8.3768650e+01 -8.5207544e+01 -8.5134293e+01
5.1097129e+00 1.2349384e+01 -8.3690686e+01 -8.5208302e+01 -8.5134877e+01
4.9847440e+00 1.3054540e+01 -8.3608971e+01 -8.5209041e+01 -8.5135427e+01
4.8599021e+00 1.3733550e+01 -8.3523313e+01 -8.5209774e+01 -8.5135980e+01
4.7352079e+00 1.4386743e+01 -8.3433548e+01 -8.5210502e+01 -8.5136528e+01
4.6106430e+00 1.5014508e+01 -8.3339463e+01 -8.5211225e+01 -8.5137066e+01
4.4862219e+00 1.5617241e+01 -8.3240871e+01 -8.5211941e+01 -8.5137607e+01
4.3619318e+00 1.6195384e+01 -8.3137548e+01 -8.5212652e+01 -8.5138138e+01
4.2377822e+00 1.6749390e+01 -8.3029284e+01 -8.5213358e+01 -8.5138672e+01
4.1137643e+00 1.7279741e+01 -8.2915839e+01 -8.5214058e+01 -8.5139199e+01
3.9898843e+00 1.7786930e+01 -8.2796980e+01 -8.5214752e+01 -8.5139728e+01
3.8661362e+00 1.8271473e+01 -8.2672452e+01 -8.5215441e+01 -8.5140251e+01
3.7425237e+00 1.8733892e+01 -8.2541998e+01 -8.5216124e+01 -8.5140776e+01
3.6190429e+00 1.9174723e+01 -8.2405342e+01 -8.5216802e+01 -8.5141297e+01
3.4956960e+00 1.9594508e+01 -8.2262204e+01 -8.5217473e+01 -8.5141819e+01
3.3724801e+00 1.9993797e+01 -8.2112286e+01 -8.5218139e+01 -8.5142338e+01
3.2493966e+00 2.0373141e+01 -8.1955286e+01 -8.5218798e+01 -8.5142858e+01
3.1264433e+00 2.0733094e+01 -8.1790881e+01 -8.5219452e+01 -8.5143376e+01
3.0036210e+00 2.1074211e+01 -8.1618744e+01 -8.5220099e+01 -8.5143895e+01
2.8809281e+00 2.1397045e+01 -8.1438529e+01 -8.5220739e+01 -8.5144412e+01
2.7583648e+00 2.1702146e+01 -8.1249881e+01 -8.5221373e+01 -8.5144929e+01
2.6359298e+00 2.1990059e+01 -8.1052431e+01 -8.5221999e+01 -8.5145446e+01
2.5136232e+00 2.2261325e+01 -8.0845796e+01 -8.5222619e+01 -8.5145962e+01
2.3914439e+00 2.2516477e+01 -8.0629579e+01 -8.5223232e+01 -8.5146479e+01
2.2693917e+00 2.2756042e+01 -8.0403373e+01 -8.5223837e+01 -8.5146995e+01
2.1474657e+00 2.2980539e+01 -8.0166755e+01 -8.5224434e+01 -8.5147511e+01
2.0256656e+00 2.3190477e+01 -7.9919287e+01 -8.5225023e+01 -8.5148027e+01
1.9039857e+00 2.3386346e+01 -7.9660490e+01 -8.5225566e+01 -8.5148530e+01
1.7824288e+00 2.3568654e+01 -7.9389928e+01 -8.5226112e+01 -8.5149092e+01
1.6609969e+00 2.3737867e+01 -7.9107136e+01 -8.5226655e+01 -8.5149607e+01
1.5396872e+00 2.3894462e+01 -7.8811613e+01 -8.5227191e+01 -8.5150144e+01
1.4185012e+00 2.4038888e+01 -7.8502865e+01 -8.5227722e+01 -8.5150661e+01
1.2974366e+00 2.4171596e+01 -7.8180372e+01 -8.5228246e+01 -8.5151188e+01
1.1764942e+00 2.4293016e+01 -7.7843612e+01 -8.5228765e+01 -8.5151704e+01
1.0556723e+00 2.4403571e+01 -7.7492043e+01 -8.5229275e+01 -8.5152225e+01
9.3497152e-01 2.4503670e+01 -7.7125122e+01 -8.5229778e+01 -8.5152739e+01
8.1439033e-01 2.4593713e+01 -7.6742288e+01 -8.5230273e+01 -8.5153256e+01
6.9392900e-01 2.4674082e+01 -7.6342976e+01 -8.5230760e+01 -8.5153768e+01
5.7358639e-01 2.4745155e+01 -7.5926612e+01 -8.5231238e+01 -8.5154280e+01
4.5336248e-01 2.4807291e+01 -7.5492616e+01 -8.5231708e+01 -8.5154789e+01
3.3325636e-01 2.4860843e+01 -7.5040403e+01 -8.5232169e+01 -8.5155298e+01
2.1326783e-01 2.4906149e+01 -7.4569385e+01 -8.5232622e+01 -8.5155803e+01
9.3396099e-02 2.4943537e+01 -7.4078970e+01 -8.5233065e+01 -8.5156307e+01
-2.6359139e-02 2.4973324e+01 -7.3568569e+01 -8.5233499e+01 -8.5156807e+01
-1.4599861e-01 2.4995815e+01 -7.3037595e+01 -8.5233924e+01 -8.5157306e+01
-2.6552269e-01 2.5011306e+01 -7.2485462e+01 -8.5234339e+01 -8.5157802e+01
-3.8493207e-01 2.5020081e+01 -7.1911595e+01 -8.5234744e+01 -8.5158295e+01
-5.0422719e-01 2.5022414e+01 -7.1315427e+01 -8.5235140e+01 -8.5158785e+01
-6.2340868e-01 2.5018570e+01 -7.0696403e+01 -8.5235526e+01 -8.5159271e+01
-7.4247703e-01 2.5008804e+01 -7.0053982e+01 -8.5235901e+01 -8.5159754e+01
-8.6143285e-01 2.4993361e+01 -6.9387643e+01 -8.5236266e+01 -8.5160234e+01
-9.8027662e-01 2.4972477e+01 -6.8696887e+01 -8.5236620e+01 -8.5160710e+01
-1.0990089e+00 2.4946379e+01 -6.7981238e+01 -8.5236964e+01 -8.5161182e+01
-1.2176302e+00 2.4915287e+01 -6.7240251e+01 -8.5237296e+01 -8.5161649e+01
-1.3361411e+00 2.4879410e+01 -6.6473512e+01 -8.5237617e+01 -8.5162112e+01
-1.4545419e+00 2.4838951e+01 -6.5680642e+01 -8.5237927e+01 -8.5162571e+01
-1.5728333e+00 2.4794103e+01 -6.4861307e+01 -8.5238224e+01 -8.5163025e+01
-1.6910157e+00 2.4745054e+01 -6.4015211e+01 -8.5238509e+01 -8.5163474e+01
-1.8090897e+00 2.4691983e+01 -6.3142111e+01 -8.5238782e+01 -8.5163918e+01
-1.9270558e+00 2.4635063e+01 -6.2241813e+01 -8.5239042e+01 -8.5164356e+01
-2.0449147e+00 2.4574458e+01 -6.1314183e+01 -8.5239289e+01 -8.5164790e+01
-2.1626668e+00 2.4510328e+01 -6.0359145e+01 -8.5239522e+01 -8.5165217e+01
-2.2803130e+00 2.4442825e+01 -5.9376687e+01 -8.5239743e+01 -8.5165639e+01
-2.3978540e+00 2.4372095e+01 -5.8366865e+01 -8.5239950e+01 -8.5166055e+01
-2.5152906e+00 2.4298279e+01 -5.7329809e+01 -8.5240143e+01 -8.5166465e+01
-2.6326237e+00 2.4221512e+01 -5.6265722e+01 -8.5240322e+01 -8.5166868e+01
-2.7498544e+00 2.4141923e+01 -5.5174884e+01 -8.5240487e+01 -8.5167265e+01
-2.8669838e+00 2.4059636e+01 -5.4057657e+01 -8.5240638e+01 -8.5167654e+01
-2.9840132e+00 2.3974770e+01 -5.2914486e+01 -8.5240773e+01 -8.5168037e+01
-3.1009443e+00 2.3887440e+01 -5.1745901e+01 -8.5240893e+01 -8.5168412e+01
-3.2177787e+00 2.3797754e+01 -5.0552517e+01 -8.5240997e+01 -8.5168781e+01
-3.3345187e+00 2.3705819e+01 -4.9335039e+01 -8.5241084e+01 -8.5169143e+01
-3.4511667e+00 2.3611735e+01 -4.8094257e+01 -8.5241154e+01 -8.5169498e+01
-3.5677253e+00 2.3515598e+01 -4.6831049e+01 -8.5241207e+01 -8.5169847e+01
-3.6841977e+00 2.3417502e+01 -4.5546382e+01 -8.5241242e+01 -8.5170191e+01
-3.8005872e+00 2.3317537e+01 -4.4241305e+01 -8.5241258e+01 -8.5170530e+01
-3.9168972e+00 2.3215787e+01 -4.2916952e+01 -8.5241256e+01 -8.5170866e+01
-4.0331313e+00 2.3112335e+01 -4.1574539e+01 -8.5241237e+01 -8.5171197e+01
-4.1492927e+00 2.3007261e+01 -4.0215357e+01 -8.5241199e+01 -8.5171526e+01
-4.2653847e+00 2.2900640e+01 -3.8840773e+01 -8.5241144e+01 -8.5171851e+01
-4.3814104e+00 2.2792544e+01 -3.7452222e+01 -8.5241073e+01 -8.5172174e+01
-4.4973726e+00 2.2683042e+01 -3.6051204e+01 -8.5240984e+01 -8.5172493e+01
-4.6132742e+00 2.2572202e+01 -3.4639275e+01 -8.5240880e+01 -8.5172808e+01
-4.7291179e+00 2.2460086e+01 -3.3218045e+01 -8.5240759e+01 -8.5173121e+01
-4.8449064e+00 2.2346755e+01 -3.1789171e+01 -8.5240622e+01 -8.5173430e+01
-4.9606424e+00 2.2232266e+01 -3.0354345e+01 -8.5240469e+01 -8.5173735e+01
-5.0763285e+00 2.2116676e+01 -2.8915293e+01 -8.5240299e+01 -8.5174037e+01
-5.1919674e+00 2.2000038e+01 -2.7473762e+01 -8.5240113e+01 -8.5174337e+01
-5.3075616e+00 2.1882402e+01 -2.6031516e+01 -8.5239908e+01 -8.5174634e+01
-5.4231076e+00 2.1763820e+01 -2.4590336e+01 -8.5239688e+01 -8.5174999e+01
-5.5386083e+00 2.1644324e+01 -2.3151992e+01 -8.5239413e+01 -8.5175306e+01
-5.6540785e+00 2.1523982e+01 -2.1718226e+01 -8.5239135e+01 -8.5175647e+01
-5.7695109e+00 2.1402822e+01 -2.0290795e+01 -8.5238819e+01 -8.5175971e+01
-5.8849149e+00 2.1280894e+01 -1.8871406e+01 -8.5238493e+01 -8.5176308e+01
-6.0002865e+00 2.1158230e+01 -1.7461753e+01 -8.5238133e+01 -8.5176639e+01
-6.1156326e+00 2.1034872e+01 -1.6063478e+01 -8.5237760e+01 -8.5176975e+01
-6.2309511e+00 2.0910852e+01 -1.4678183e+01 -8.5237354e+01 -8.5177309e+01
-6.3462471e+00 2.0786207e+01 -1.3307411e+01 -8.5236931e+01 -8.5177645e+01
-6.4615200e+00 2.0660968e+01 -1.1952650e+01 -8.5236476e+01 -8.5177980e+01
-6.5767735e+00 2.0535168e+01 -1.0615321e+01 -8.5236002e+01 -8.5178316e+01
-6.6920077e+00 2.0408835e+01 -9.2967756e+00 -8.5235496e+01 -8.5178653e+01
-6.8072258e+00 2.0281999e+01 -7.9982894e+00 -8.5234967e+01 -8.5178990e+01
-6.9224281e+00 2.0154686e+01 -6.7210620e+00 -8.5234407e+01 -8.5179329e+01
-7.0376172e+00 2.0026924e+01 -5.4662099e+00 -8.5233821e+01 -8.5179668e+01
-7.1527938e+00 1.9898737e+01 -4.2347672e+00 -8.5233202e+01 -8.5180009e+01
-7.2679601e+00 1.9770150e+01 -3.0276809e+00 -8.5232555e+01 -8.5180350e+01
-7.3831170e+00 1.9641184e+01 -1.8458121e+00 -8.5231874e+01 -8.5180693e+01
-7.4982664e+00 1.9511863e+01 -6.8993360e-01 -8.5231161e+01 -8.5181038e+01
-7.6134094e+00 1.9382208e+01 4.3926890e-01 -8.5230413e+01 -8.5181384e+01
-7.7285476e+00 1.9252237e+01 1.5411975e+00 -8.5229630e+01 -8.5181731e+01
-7.8436820e+00 1.9121972e+01 2.6153398e+00 -8.5228808e+01 -8.5182081e+01
-7.9588144e+00 1.8991430e+01 3.6612687e+00 -8.5227949e+01 -8.5182432e+01
-8.0739457e+00 1.8860628e+01 4.6786390e+00 -8.5227049e+01 -8.5182786e+01
-8.1890775e+00 1.8729584e+01 5.6671867e+00 -8.5226107e+01 -8.5183141e+01
-8.3042109e+00 1.8598314e+01 6.6267245e+00 -8.5225122e+01 -8.5183498e+01
-8.4193473e+00 1.8466833e+01 7.5571403e+00 -8.5224090e+01 -8.5183858e+01
-8.5344880e+00 1.8335156e+01 8.4583929e+00 -8.5223011e+01 -8.5184220e+01
-8.6496341e+00 1.8203297e+01 9.3305090e+00 -8.5221883e+01 -8.5184584e+01
-8.7647871e+00 1.8071269e+01 1.0173579e+01 -8.5220702e+01 -8.5184950e+01
-8.8799481e+00 1.7939086e+01 1.0987754e+01 -8.5219467e+01 -8.5185319e+01
-8.9951185e+00 1.7806760e+01 1.1773241e+01 -8.5218175e+01 -8.5185690e+01
-9.1102995e+00 1.7674302e+01 1.2530299e+01 -8.5216824e+01 -8.5186063e+01
-9.2254925e+00 1.7541723e+01 1.3259236e+01 -8.5215411e+01 -8.5186439e+01
-9.3406988e+00 1.7409035e+01 1.3960403e+01 -8.5213933e+01 -8.5186817e+01
-9.4559197e+00 1.7276248e+01 1.4634192e+01 -8.5212387e+01 -8.5187198e+01
-9.5711566e+00 1.7143371e+01 1.5281031e+01 -8.5210770e+01 -8.5187582e+01
-9.6864109e+00 1.7010414e+01 1.5901381e+01 -8.5209078e+01 -8.5187968e+01
-9.8016839e+00 1.6877386e+01 1.6495732e+01 -8.5207309e+01 -8.5188357e+01
-9.9169772e+00 1.6744295e+01 1.7064599e+01 -8.5205457e+01 -8.5188748e+01
-1.0032292e+01 1.6611149e+01 1.7608518e+01 -8.5203520e+01 -8.5189142e+01
-1.0147630e+01 1.6477957e+01 1.8128045e+01 -8.5201493e+01 -8.5189539e+01
-1.0262993e+01 1.6344725e+01 1.8623751e+01 -8.5199372e+01 -8.5189938e+01
-1.0378383e+01 1.6211461e+01 1.9096218e+01 -8.5197152e+01 -8.5190340e+01
-1.0493800e+01 1.6078172e+01 1.9546041e+01 -8.5194828e+01 -8.5190744e+01
-1.0609246e+01 1.5944863e+01 1.9973820e+01 -8.5192396e+01 -8.5191151e+01
-1.0724724e+01 1.5811542e+01 2.0380160e+01 -8.5189850e+01 -8.5191561e+01
-1.0840234e+01 1.5678213e+01 2.0765670e+01 -8.5187184e+01 -8.5191973e+01
-1.0955780e+01 1.5544884e+01 2.1130957e+01 -8.5184392e+01 -8.5192387e+01
-1.1071361e+01 1.5411558e+01 2.1476630e+01 -8.5181469e+01 -8.5192804e+01
-1.1186980e+01 1.5278241e+01 2.1803292e+01 -8.5178408e+01 -8.5193224e+01
-1.1302639e+01 1.5144938e+01 2.2111543e+01 -8.5175201e+01 -8.5193645e+01
-1.1418340e+01 1.5011654e+01 2.2401977e+01 -8.5171842e+01 -8.5194070e+01
-1.1534084e+01 1.4878393e+01 2.2675181e+01 -8.5168323e+01 -8.5194496e+01
-1.1649873e+01 1.4745159e+01 2.2931732e+01 -8.5164637e+01 -8.5194925e+01
-1.1765709e+01 1.4611957e+01 2.3172200e+01 -8.5160773e+01 -8.5195356e+01
-1.1881594e+01 1.4478790e+01 2.3397144e+01 -8.5156725e+01 -8.5195789e+01
-1.1997530e+01 1.4345661e+01 2.3607111e+01 -8.5152482e+01 -8.5196225e+01
-1.2113519e+01 1.4212576e+01 2.3802638e+01 -8.5148034e+01 -8.5196663e+01
-1.2229562e+01 1.4079536e+01 2.3984250e+01 -8.5143372e+01 -8.5197103e+01
-1.2345662e+01 1.3946545e+01 2.4152457e+01 -8.5138484e+01 -8.5197545e+01
-1.2461821e+01 1.3813607e+01 2.4307761e+01 -8.5133360e+01 -8.5197990e+01
-1.2578040e+01 1.3680723e+01 2.4450645e+01 -8.5127986e+01 -8.5198437e+01
-1.2694321e+01 1.3547898e+01 2.4581584e+01 -8.5122352e+01 -8.5198886e+01
-1.2810668e+01 1.3415133e+01 2.4701036e+01 -8.5116442e+01 -8.5199338e+01
-1.2927080e+01 1.3282431e+01 2.4809448e+01 -8.5110244e+01 -8.5199792e+01
