18.1714334294 0.0 0.0 0.0 0.0
36.444955179 -0.0012148452686 -0.00050318047856 -0.000161551594531 -9.6275529634e-05
54.8005268929 -0.00362051825566 -0.00150327676432 -0.000482644063972 -0.000287728897429
73.2179997464 -0.0071929242352 -0.00299353277379 -0.000961464826414 -0.000573344080018
91.6767683504 -0.0119078133186 -0.00496601952339 -0.00159579527224 -0.000951832252673
110.157143979 -0.0177428822289 -0.00741457093228 -0.00238394600392 -0.00142222086929
128.640941887 -0.0246768652051 -0.0103338261465 -0.00332444498805 -0.00198364683796
147.112072537 -0.0326878951025 -0.0137174756134 -0.0044155300571 -0.00263509810429
165.556854568 -0.0417545821812 -0.0175593970778 -0.00565548291022 -0.00337558650164
183.964106905 -0.0518564736752 -0.0218542757882 -0.00704284332203 -0.0042042932101
202.324825437 -0.0629727778532 -0.0265961923165 -0.00857593018199 -0.00512024769195
220.631943867 -0.0750830551298 -0.031779421881 -0.010253113138 -0.0061225079043
238.880012165 -0.0881671542987 -0.0373984178922 -0.0120728083133 -0.007210158393
257.064889378 -0.102205162632 -0.0434478018266 -0.0140334760752 -0.0083823090672
275.183474037 -0.117177360222 -0.0499223553289 -0.0161336194217 -0.00963809431435
293.233478606 -0.133064176102 -0.0568170136258 -0.0183717826988 -0.010976672302
311.213246232 -0.149846144209 -0.0641268597295 -0.0207465504959 -0.012397224378
329.121604612 -0.167503857639 -0.0718471191296 -0.0232565466331 -0.0138989545187
346.957863634 -0.186016916442 -0.0799719279572 -0.025900053793 -0.0154808932004
364.721461574 -0.205366009928 -0.0884968720645 -0.0286757988707 -0.0171423014885
382.412066078 -0.225531700421 -0.097417639794 -0.0315825359234 -0.0188824569843
400.029508013 -0.246494382325 -0.106730036425 -0.0346190526555 -0.0207006570276
417.57373704 -0.268234216863 -0.11642998048 -0.0377841695136 -0.0225962181142
435.044788027 -0.290731063497 -0.126513500375 -0.0410767390171 -0.0245684754862
452.442755719 -0.313964408142 -0.136976730975 -0.04449564504 -0.0266167827111
469.767775695 -0.337913289718 -0.147815910131 -0.0480398020705 -0.0287405112511
487.020010116 -0.362556226579 -0.15902737522 -0.0517081544544 -0.0309390500257
504.199637125 -0.387871144393 -0.170607559729 -0.0554996756311 -0.0332118049694
521.306843046 -0.413835306963 -0.182552989873 -0.0594133673678 -0.0355581985893
538.341816718 -0.440425251317 -0.194860281279 -0.0634482589958 -0.0379776695243
555.304745459 -0.467616728138 -0.207526135723 -0.0676034066563 -0.0404696721086
572.195812282 -0.495384648412 -0.220547337959 -0.0718778925548 -0.0430336759422
589.015194046 -0.523703036822 -0.233920752597 -0.0762708242298 -0.0456691654684
605.763060338 -0.552544992273 -0.247643321083 -0.080781333836 -0.04837563956
622.439572879 -0.581882655497 -0.261712058737 -0.0854085774436 -0.0511526111161
639.044885342 -0.611687183689 -0.27612405189 -0.0901517343556 -0.053999606668
655.579143455 -0.64192873176 -0.290876455082 -0.0950100064421 -0.056916165996
672.042485326 -0.672576439746 -0.305966488338 -0.0999826174929 -0.059901841757
688.435044813 -0.703598425749 -0.321391434529 -0.105068812589 -0.0629561991232
704.756940444 -0.734961783735 -0.337148636797 -0.110267857491 -0.0660788154307
721.008293532 -0.766632585462 -0.353235496039 -0.115579038048 -0.0692692798396
737.189217167 -0.798575885679 -0.369649468472 -0.121001659619 -0.0725271930037
753.299819802 -0.830755730029 -0.386388063248 -0.126535046522 -0.0758521667516
769.34020592 -0.863135164688 -0.403448840139 -0.132178541483 -0.0792438237753
785.310476681 -0.895676247103 -0.420829407251 -0.13793150512 -0.0827017973315
801.210730545 -0.92834005727 -0.438527418819 -0.143793315431 -0.0862257309497
817.041063857 -0.961086708707 -0.456540573031 -0.149763367298 -0.0898152781506
832.801572805 -0.993875358643 -0.474866609902 -0.155841072013 -0.0934701021722
848.492349723 -1.026664217 -0.493503309187 -0.162025856812 -0.0971898757059
864.113486402 -1.05941055351 -0.512448488353 -0.168317164425 -0.10097428064
879.665077286 -1.09207070258 -0.531700000543 -0.174714452643 -0.104823007809
895.147215689 -1.12460006576 -0.551255732636 -0.181217193891 -0.108735756759
910.559996917 -1.15695311114 -0.571113603286 -0.187824874826 -0.112712235508
925.903514482 -1.18908336968 -0.591271561023 -0.194536995936 -0.116752160323
941.177863153 -1.22094342814 -0.611727582395 -0.201353071158 -0.120855255508
956.383141914 -1.25248491827 -0.632479670106 -0.208272627512 -0.125021253183
971.519450102 -1.28365850243 -0.653525851204 -0.215295204736 -0.12924989309
986.58688896 -1.31441385506 -0.674864175296 -0.222420354943 -0.133540922391
1001.58556182 -1.34469964027 -0.696492712783 -0.229647642286 -0.137894095475
1016.51557422 -1.37446348519 -0.718409553118 -0.236976642625 -0.142309173783
1031.37703406 -1.40365194912 -0.740612803103 -0.244406943221 -0.146785925615
1046.17005299 -1.43221048839 -0.76310058517 -0.251938142419 -0.151324125969
1060.89474255 -1.46008341681 -0.78587103572 -0.259569849352 -0.155923556363
1075.55121688 -1.48721386176 -0.808922303457 -0.267301683654 -0.160584004672
1090.13959539 -1.51354371573 -0.83225254776 -0.275133275164 -0.16530526497
1104.65999884 -1.53901358346 -0.85585993703 -0.283064263657 -0.170087137367
1119.11255066 -1.56356272447 -0.879742647107 -0.291094298565 -0.174929427858
1133.49737702 -1.58712899089 -0.903898859646 -0.29922303871 -0.17983194817
1147.81460675 -1.60964876085 -0.928326760546 -0.307450152037 -0.184794515613
1162.0643714 -1.63105686695 -0.953024538373 -0.315775315358 -0.189816952933
1176.24680643 -1.65128652008 -0.9779903828 -0.324198214094 -0.194899088169
1190.36204741 -1.67026922834 -1.00322248306 -0.332718542024 -0.200040754506
1204.41023258 -1.68793471112 -1.0287190264 -0.341336001034 -0.205241790142
1218.3915052 -1.70421080808 -1.05447819657 -0.350050300875 -0.210502038144
1232.30601109 -1.71902338311 -1.0804981723 -0.35886115892 -0.215821346314
1246.15389481 -1.732296223 -1.10677712581 -0.367768299929 -0.221199567054
1259.93530707 -1.74395093085 -1.13331322129 -0.37677145581 -0.226636557234
1273.65039971 -1.75390681396 -1.16010461346 -0.385870365391 -0.232132178064
1287.29932689 -1.76208076617 -1.18714944606 -0.395064774194 -0.237686294964
1300.88224502 -1.7683871443 -1.21444585044 -0.404354434211 -0.243298777438
1314.3993127 -1.77273763878 -1.24199194404 -0.413739103689 -0.248969498953
1327.85069066 -1.77504113802 -1.26978582904 -0.42321854691 -0.254698336818
1341.23654168 -1.77520358647 -1.29782559084 -0.432792533984 -0.260485172066
1354.55703055 -1.7731278361 -1.3261092967 -0.442460840648 -0.266329889339
1367.81232397 -1.76871349105 -1.35463499428 -0.452223248054 -0.272232376774
1381.00259051 -1.76185674519 -1.38340071027 -0.462079542589 -0.278192525897
1394.12800053 -1.75245021235 -1.41240444892 -0.472029515671 -0.284210231514
1407.18872612 -1.74038274889 -1.44164419067 -0.482072963565 -0.290285391608
1420.18494101 -1.72553926836 -1.47111789073 -0.492209687209 -0.296417907239
1433.11682169 -1.70780054787 -1.50082347769 -0.50243949203 -0.302607682445
1445.98454387 -1.68704302584 -1.53075885203 -0.512762187771 -0.308854624144
1458.78828471 -1.66313859087 -1.56092188476 -0.523177588322 -0.315158642047
1471.5282251 -1.63595436123 -1.59131041593 -0.533685511561 -0.32151964856
1484.20454719 -1.60535245467 -1.62192225321 -0.544285779179 -0.327937558701
1496.8174322 -1.57118974817 -1.65275517036 -0.554978216531 -0.334412290008
1509.36706252 -1.53331762715 -1.68380690575 -0.565762652476 -0.340943762454
1521.85362509 -1.49158172378 -1.71507516083 -0.576638919218 -0.347531898363
1534.27730458 -1.44582164384 -1.7465575986 -0.587606852153 -0.354176622327
1546.6382867 -1.39587068187 -1.77825184197 -0.598666289721 -0.36087786112
1558.93676147 -1.34155552383 -1.81015547211 -0.60981707325 -0.367635543619
1571.17291651 -1.28269593715 -1.84226602687 -0.621059046809 -0.374449600718
1583.34694037 -1.21910444716 -1.87458099901 -0.632392057055 -0.381319965253
1595.45902564 -1.15058599984 -1.90709783442 -0.643815953091 -0.388246571915
1607.50936139 -1.0769376102 -1.93981393037 -0.655330586313 -0.395229357176
1619.49814065 -0.997947995204 -1.97272663365 -0.666935810271 -0.402268259206
1631.42555604 -0.913397191478 -2.00583323862 -0.678631480518 -0.409363217797
1643.29180187 -0.823056156515 -2.03913098528 -0.690417454477 -0.416514174287
1655.09706989 -0.726686352964 -2.07261705726 -0.702293591298 -0.423721071484
1666.84155556 -0.624039315287 -2.10628857972 -0.714259751718 -0.430983853591
1678.52545377 -0.514856198089 -2.1401426172 -0.726315797931 -0.438302466139
1690.14895992 -0.398867305391 -2.17417617144 -0.73846159346 -0.445676855914
1701.71226979 -0.275791600103 -2.20838617909 -0.750697003024 -0.453106970886
1713.21557956 -0.145336192972 -2.24276950934 -0.763021892419 -0.460592760153
1724.65908578 -0.007195810207 -2.27732296149 -0.775436128397 -0.468134173868
1736.04298631 0.138947760962 -2.31204326244 -0.787939578547 -0.475731163187
1747.36747625 0.293426249584 -2.34692706406 -0.80053211118 -0.483383680199
1758.632755 0.456585501913 -2.38197094057 -0.813213595222 -0.49109167788
1769.83901813 0.628786106749 -2.41717138563 -0.825983900101 -0.49885511003
1780.98646445 0.81040404595 -2.45252480951 -0.838842895641 -0.506673931218
1792.07529186 1.00183137091 -2.48802753607 -0.851790451954 -0.514548096735
1803.10569842 1.20347690573 -2.52367579958 -0.864826439339 -0.522477562531
1814.07788325 1.41576697788 -2.55946574153 -0.877950728174 -0.530462285172
1824.99204358 1.63914617701 -2.5953934072 -0.891163188813 -0.538502221781
1835.84837766 1.87407814278 -2.63145474212 -0.90446369148 -0.546597329991
1846.64708282 2.12104638222 -2.66764558843 -0.917852106169 -0.554747567885
1857.38835924 2.38055511748 -2.70396168108 -0.931328302533 -0.562952893949
1868.07240323 2.65313016455 -2.74039864379 -0.944892149777 -0.571213267017
1878.69941488 2.93931984363 -2.77695198496 -0.95854351656 -0.579528646218
1889.2695904 3.23969592161 -2.81361709335 -0.972282270878 -0.587898990917
1899.78312967 3.55485458747 -2.85038923358 -0.986108279961 -0.596324260671
1910.24022872 3.88541746086 -2.88726354146 -1.00002141017 -0.604804415166
1920.64108623 4.23203263445 -2.92423501911 -1.01402152687 -0.613339414167
1930.9858998 4.59537575034 -2.96129852994 -1.02810849437 -0.621929217465
1941.27486684 4.97615111088 -2.99844879332 -1.04228217576 -0.630573784825
1951.5081855 5.37509282402 -3.0356803791 -1.05654243285 -0.639273075934
1961.68605187 5.79296598332 -3.07298770191 -1.07088912605 -0.648027050349
1971.80866187 6.2305678837 -3.11036501515 -1.08532211428 -0.656835667457
1981.87621383 6.68872926542 -3.14780640485 -1.09984125487 -0.665698886416
1991.88890317 7.16831560414 -3.18530578314 -1.11444640346 -0.674616666123
2001.84692502 7.67022842204 -3.22285688154 -1.12913741392 -0.683588965159
2011.75047604 8.19540663746 -3.26045324393 -1.14391413826 -0.692615741759
2021.59975253 8.74482794462 -3.29808821916 -1.15877642653 -0.701696953766
2031.3949479 9.31951022321 -3.3357549535 -1.17372412676 -0.710832558594
2041.13625783 9.92051297621 -3.37344638262 -1.18875708486 -0.720022513196
2050.82387767 10.5489387938 -3.41115522323 -1.20387514454 -0.729266774024
2060.45799985 11.2059348413 -3.44887396442 -1.21907814726 -0.738565296993
2070.03881985 11.8926943675 -3.48659485856 -1.23436593209 -0.747918037453
2079.56652939 12.6104582316 -3.52430991188 -1.24973833571 -0.757324950149
2089.04132321 13.3605164441 -3.56201087445 -1.26519519226 -0.766785989192
2098.46339228 14.1442097171 -3.59968922994 -1.28073633329 -0.776301108018
2107.8329297 14.9629310212 -3.63733618479 -1.29636158768 -0.78587025936
2117.15012816 15.8181271423 -3.67494265683 -1.31207078155 -0.795493395202
2126.41517827 16.711300233 -3.71249926356 -1.32786373819 -0.805170466751
2135.62827023 17.6440093531 -3.74999630976 -1.34374027792 -0.814901424395
2144.78959628 18.6178719904 -3.78742377463 -1.35970021809 -0.824686217662
2153.89934495 19.6345655568 -3.82477129824 -1.37574337292 -0.834524795187
2162.95770757 20.6958288374 -3.86202816753 -1.39186955342 -0.844417104669
2171.96487261 21.8034634547 -3.89918330147 -1.40807856735 -0.85436309283
2180.92102807 22.9593351622 -3.93622523574 -1.42437021905 -0.864362705379
2189.8263631 24.1653751909 -3.97314210658 -1.44074430944 -0.874415886969
2198.68106559 25.423581461 -4.00992163397 -1.45720063584 -0.884522581164
2207.48532293 26.7360197174 -4.046551104 -1.47373899196 -0.894682730398
2216.23932205 28.1048245622 -4.08301735047 -1.49035916777 -0.904896275944
2224.94324938 29.5322003712 -4.11930673562 -1.50706094945 -0.915163157872
2233.59729088 31.0204220784 -4.15540512995 -1.52384411926 -0.925483315025
2242.20163199 32.5718358114 -4.19129789116 -1.54070845552 -0.935856684986
2250.75645844 34.1888593619 -4.22696984207 -1.55765373248 -0.946283204043
2259.26195313 35.8739824713 -4.26240524752 -1.57467972031 -0.956762807172
2267.71830079 37.6297669132 -4.29758779016 -1.59178618494 -0.967295428003
2276.12568559 39.4588463529 -4.33250054519 -1.60897288809 -0.977880998797
2284.48428968 41.3639259629 -4.36712595378 -1.6262395871 -0.988519450421
2292.79429473 43.3477817728 -4.4014457954 -1.64358603494 -0.999210712326
2301.05588336 45.4132597554 -4.43544115863 -1.66101198011 -1.00995471252
2309.26923692 47.5632745124 -4.46909241085 -1.67851716654 -1.02075137755
2317.43453622 49.8008077136 -4.50237916625 -1.69610133356 -1.03160063246
2325.55196157 52.1289062896 -4.53528025248 -1.71376421581 -1.04250240079
2333.62169343 54.5506800307 -4.56777367565 -1.73150554314 -1.05345660453
2341.6439096 57.0692987678 -4.59983658364 -1.74932504059 -1.06446316408
2349.61878947 59.6879894021 -4.63144522779 -1.76722242823 -1.07552199825
2357.54651155 62.410032224 -4.66257492263 -1.78519742113 -1.08663302422
2365.42725307 65.2387571273 -4.69320000376 -1.80324972927 -1.09779615748
2373.2611911 68.1775386752 -4.72329378372 -1.82137905743 -1.10901131185
2381.04850179 71.2297916056 -4.75282850576 -1.83958510512 -1.12027839938
2388.7893618 74.3989648729 -4.7817752954 -1.85786756649 -1.13159733038
2396.4839462 77.6885358151 -4.81010410964 -1.87622613023 -1.14296801333
2404.1324295 81.1020038329 -4.83778368383 -1.8946604795 -1.1543903549
2411.73498634 84.6428827973 -4.86478147591 -1.91317029182 -1.16586425987
2419.29179082 88.3146939704 -4.89106360802 -1.931755239 -1.17738963114
2426.8030158 92.1209576572 -4.91659480528 -1.95041498707 -1.18896636968
2434.26883389 96.0651843873 -4.94133833164 -1.96914919618 -1.2005943745
2441.68941719 100.150865928 -4.96525592265 -1.98795752052 -1.21227354264
2449.06493689 104.381466033 -4.98830771495 -2.00683960826 -1.22400376913
2456.39556428 108.760409544 -5.01045217237 -2.02579510148 -1.23578494701
2463.68146976 113.291072324 -5.03164600842 -2.04482363608 -1.24761696724
2470.9228238 117.976770999 -5.05184410513 -2.06392484175 -1.25949971874
2478.11979504 122.820750316 -5.07099942782 -2.08309834183 -1.27143308838
2485.27255156 127.826173073 -5.0890629358 -2.10234375334 -1.2834169609
2492.38126214 132.996107787 -5.1059834888 -2.12166068681 -1.29545121895
2499.44609502 138.333516079 -5.1217077488 -2.14104874629 -1.30753574306
2506.46721657 143.841242064 -5.13618007709 -2.16050752924 -1.31967041162
2513.44479265 149.521999667 -5.14934242644 -2.18003662644 -1.33185510082
2520.3789904 155.37836016 -5.161134228 -2.19963562195 -1.34408968471
2527.26997453 161.412741097 -5.17149227279 -2.21930409301 -1.35637403511
2534.11790981 167.627394226 -5.18035058742 -2.23904160995 -1.3687080216
2540.92295985 174.024395068 -5.1876403039 -2.25884773611 -1.38109151152
2547.6852889 180.605631276 -5.19328952313 -2.27872202774 -1.3935243699
2554.40506004 187.372792586 -5.19722317193 -2.29866403394 -1.40600645946
2561.08243579 194.327361095 -5.19936285308 -2.31867329651 -1.41853764056
2567.7175781 201.470602234 -5.19962668831 -2.33874934989 -1.43111777121
2574.31064835 208.80355683 -5.19792915364 -2.35889172107 -1.44374670697
2580.86180738 216.327032405 -5.19418090697 -2.37909992947 -1.45642430098
2587.37121602 224.041598654 -5.18828860727 -2.39937348686 -1.46915040389
2593.8390328 231.947580654 -5.18015472519 -2.41971189725 -1.48192486386
2600.26541745 240.04505477 -5.16967734464 -2.4401146568 -1.49474752651
2606.6505291 248.333846057 -5.15674995478 -2.46058125377 -1.50761823491
2612.99452461 256.813523148 -5.14126123213 -2.48111116834 -1.52053682955
2619.29756201 265.483401658 -5.12309481222 -2.50170387265 -1.5335031483
2625.55979818 274.342541402 -5.10212905036 -2.52235883058 -1.54651702643
2631.78138945 283.389748514 -5.07823677097 -2.54307549778 -1.55957829655
2637.96249157 292.623577984 -5.05128500498 -2.56385332154 -1.57268678865
2644.10325975 302.042337386 -5.02113471482 -2.58469174072 -1.58584233
2650.20384918 311.644091722 -4.98764050625 -2.60559018565 -1.59904474521
2656.26441286 321.42666936 -4.95065032668 -2.62654807811 -1.61229385619
2662.28510486 331.387669023 -4.91000514925 -2.64756483116 -1.62558948212
2668.26607869 341.524467735 -4.86553864212 -2.66863984913 -1.63893143944
2674.20748569 351.834229696 -4.81707682233 -2.68977252751 -1.65231954186
2680.10947827 362.31391596 -4.7644376934 -2.71096225285 -1.66575360027
2685.97220772 372.96029582 -4.70743086647 -2.73220840265 -1.67923342282
2691.7958248 383.769954121 -4.64585716367 -2.75351034529 -1.69275881478
2697.58047971 394.739308581 -4.57950820341 -2.77486743994 -1.7063295786
2703.32632209 405.864618114 -4.50816596683 -2.79627903637 -1.71994551386
2709.03350104 417.141996277 -4.43160234428 -2.81774447496 -1.73360641719
2714.7021656 428.56742504 -4.3495786617 -2.83926308646 -1.74731208231
2720.33246276 440.136764699 -4.26184518503 -2.86083419199 -1.76106229995
2725.92454046 451.845768888 -4.16814060296 -2.88245710282 -1.77485685783
2731.47854559 463.690099733 -4.06819148629 -2.90413112031 -1.78869554062
2736.99462451 475.665337687 -3.96171172329 -2.92585553577 -1.80257812991
2742.4729235 487.766995354 -3.84840193014 -2.94762963036 -1.81650440418
2747.9135873 499.990530061 -3.72794883535 -2.96945267493 -1.83047413874
2753.31676064 512.331356111 -3.60002463732 -2.99132392992 -1.84448710576
2758.68258719 524.784856678 -3.46428633377 -3.01324264525 -1.85854307416
2764.01121104 537.346395306 -3.32037502311 -3.03520806022 -1.87264180966
2769.30277527 550.011326925 -3.16791517413 -3.05721940332 -1.88678307467
2774.55742242 562.775008418 -3.00651386647 -3.0792758922 -1.90096662835
2779.77529493 575.632808585 -2.83575999807 -3.10137673349 -1.9151922265
2784.95653333 588.58011762 -2.65522346101 -3.1235211227 -1.9294596216
2790.10127898 601.612355986 -2.46445428102 -3.14570824413 -1.94376856276
2795.20967227 614.72498271 -2.26298172459 -3.16793727067 -1.95811879565
2800.28185303 627.913503073 -2.05031336901 -3.19020736374 -1.97251006256
2805.31796057 641.17347571 -1.825934136 -3.21251767312 -1.98694210227
2810.31813363 654.500519128 -1.58930528772 -3.23486733684 -2.0014146501
2815.28251047 667.890317621 -1.3398633845 -3.25725548101 -2.01592743782
2820.21122921 681.338626624 -1.07701920327 -3.27968121966 -2.03048019363
2825.10442658 694.841277494 -0.800156616177 -3.30214365463 -2.04507264212
2829.96223879 708.394181749 -0.508631428675 -3.32464187533 -2.05970450421
2834.78480238 721.993334784 -0.201770176411 -3.34717495867 -2.07437549715
2839.57225293 735.634819081 0.121131119494 -3.3697419688 -2.08908533438
2844.3247255 749.314806937 0.460808239191 -3.39234195696 -2.10383372558
2849.04235503 763.029562742 0.818030093163 -3.4149739613 -2.11862037654
2853.72527509 776.775444806 1.19360009369 -3.43763700667 -2.13344498914
2858.37361876 790.548906805 1.58835756871 -3.46033010441 -2.14830726127
2862.9875194 804.346500056 2.00317921782 -3.48305225219 -2.16320688679
2867.56710987 818.1648693 2.43898060994 -3.50580243376 -2.17814355545
2872.11252165 832.000761669 2.89671772193 -3.52857961872 -2.19311695283
2876.62388575 845.851016915 3.37738851716 -3.55138276237 -2.20812676028
2881.10133344 859.712577038 3.88203456264 -3.57421080539 -2.22317265483
2885.5449955 873.582475955 4.41174268306 -3.59706267368 -2.23825430915
2889.95500096 887.457847432 4.96764664966 -3.61993727807 -2.25337139144
2894.33147957 901.335919229 5.55092890131 -3.64283351412 -2.26852356539
2898.67456014 915.214014467 6.16282229486 -3.66575026178 -2.28371049006
2902.98437099 929.089545428 6.80461188477 -3.68868638522 -2.29893181981
2907.26103993 942.960020769 7.47763670653 -3.71164073248 -2.3141872042
2911.50469425 956.823034108 8.1832916128 -3.73461213516 -2.32947628789
2915.71546076 970.676270995 8.92302908539 -3.75759940816 -2.34479871051
2919.89346574 984.517502225 9.69836107088 -3.78060134934 -2.36015410658
2924.03883497 998.34458446 10.5108608116 -3.80361673911 -2.3755421053
2928.15169413 1012.15545341 11.362164668 -3.82664434014 -2.39096233049
2932.23216727 1025.94812925 12.2539739248 -3.84968289687 -2.40641440034
2936.28037941 1039.72070969 13.1880565708 -3.87273113516 -2.42189792727
2940.29645363 1053.47136921 14.166249044 -3.89578776175 -2.43741251773
2944.28051396 1067.19835693 15.190457929 -3.91885146387 -2.45295777195
2948.23268251 1080.89999462 16.2626615868 -3.94192090863 -2.46853328372
2952.15308197 1094.57467457 17.3849117714 -3.96499474249 -2.48413864014
2956.04183416 1108.22085874 18.5593350447 -3.98807159074 -2.4997734213
2959.89906045 1121.83707186 19.7881342119 -4.01115005683 -2.51543720003
2963.72488171 1135.42190662 21.0735895821 -4.03422872178 -2.5311295416
2967.51941833 1148.97401682 22.4180601103 -4.05730614354 -2.54685000334
2971.28279054 1162.49211651 23.8239843895 -4.08038085637 -2.56259813443
2975.0151171 1175.97497803 25.2938814567 -4.10345137018 -2.57837347547
2978.71651764 1189.42143006 26.8303514902 -4.12651616989 -2.59417555828
2982.38710999 1202.83035563 28.4360761314 -4.14957371476 -2.61000390549
2986.02701279 1216.20069149 30.1138187317 -4.17262243781 -2.62585803032
2989.63634297 1229.53142143 31.866424237 -4.19566074516 -2.64173743622
2993.21521792 1242.82158162 33.6968188974 -4.21868701541 -2.65764161664
2996.76375427 1256.0702541 35.608009466 -4.24169959897 -2.67357005474
3000.28206819 1269.27656738 37.6030822491 -4.26469681746 -2.6895222231
3003.7702757 1282.43969006 39.6852017089 -4.28767696305 -2.70549758348
3007.22849176 1295.55883627 41.8576085456 -4.31063829776 -2.72149558656
3010.65683119 1308.63326054 44.1236176747 -4.33357905275 -2.73751567167
3014.05540805 1321.66225278 46.4866153736 -4.35649742761 -2.75355726654
3017.42433687 1334.6451449 48.9500561503 -4.37939158954 -2.76961978706
3020.76373052 1347.5813013 51.517459055 -4.4022596726 -2.78570263705
3024.07370233 1360.47012211 54.1924034545 -4.42509977687 -2.80180520799
3027.35436485 1373.31103952 56.9785243107 -4.44790996767 -2.81792687891
3030.60583021 1386.10351992 59.8795065719 -4.47068827483 -2.83406701627
3033.82821004 1398.84706037 62.8990796569 -4.49343269205 -2.85022497392
3037.02161552 1411.54118512 66.0410104449 -4.51614117644 -2.86640009324
3040.18615735 1424.1854467 69.3090963522 -4.53881164826 -2.88259170345
3043.32194573 1436.77942818 72.7071573835 -4.56144199091 -2.89879912208
3046.42909037 1449.32273531 76.2390279174 -4.58403005122 -2.91502165578
3049.50770075 1461.81499885 79.908547419 -4.60657364008 -2.93125860132
3052.55788498 1474.25587686 83.7195509086 -4.62907053337 -2.94750924691
3055.57975149 1486.64504705 87.6758584149 -4.65151847317 -2.96377287375
3058.57340786 1498.9822092 91.7812642491 -4.67391516924 -2.98004875793
3061.53896137 1511.26708638 96.0395259427 -4.69625830071 -2.99633617245
3064.47651818 1523.49942086 100.454351263 -4.71854551788 -3.01263438952
3067.38618411 1535.67897429 105.029387001 -4.74077444423 -3.02894268301
3070.26805694 1547.80556712 109.76826095 -4.76294167134 -3.04525967711
3073.12224917 1559.87895591 114.674395383 -4.78504579057 -3.06158528675
3075.94885737 1571.89899089 119.751229669 -4.80708337987 -3.07791820592
3078.74799226 1583.86546906 125.001969854 -4.82905297932 -3.09425835791
3081.51974912 1595.77826703 130.429812062 -4.85095115169 -3.11060448421
3084.26423681 1607.63721527 136.037693314 -4.87277638119 -3.12695651928
3086.98154914 1619.44221751 141.828508035 -4.89452522731 -3.14331326589
3089.67179329 1631.19313511 147.80487171 -4.91619611571 -3.15967467564
3092.33506236 1642.88989673 153.969319919 -4.93778560759 -3.17603962256
3094.97145506 1654.5324166 160.324139413 -4.9592912049 -3.19240754674
3097.58107001 1666.12062119 166.871407273 -4.98071037839 -3.20877792857
3100.16400424 1677.65444867 173.612979214 -5.00204057928 -3.22515027865
3102.72035414 1689.13384947 180.550480409 -5.02327923939 -3.24152413646
3105.25021504 1700.55878271 187.685294026 -5.04442376931 -3.25789907062
3107.75368192 1711.92921777 195.018552096 -5.06547155573 -3.27427467924
3110.23084874 1723.24513589 202.551127106 -5.08641995836 -3.29065059012
3112.68180892 1734.50652764 210.283624711 -5.10726630647 -3.30702646077
3115.10665447 1745.71339055 218.216377643 -5.12800789501 -3.3234019782
3117.50547734 1756.86573071 226.349440914 -5.14864198037 -3.33977685871
3119.87836856 1767.96356435 234.682588332 -5.16916577587 -3.35615084737
3122.22541844 1779.00691449 243.215310409 -5.18957644687 -3.37252371755
3124.54671664 1789.99581255 251.946813665 -5.20987110562 -3.38889527025
3126.84235236 1800.93029407 260.87602136 -5.23004680577 -3.40526533345
3129.11241353 1811.81040526 270.001575626 -5.2501005367 -3.42163376133
3131.35698809 1822.63619486 279.321841019 -5.27002921748 -3.43800043355
3133.57616312 1833.40772161 288.834910267 -5.28982969061 -3.45436525439
3135.77002515 1844.1250462 298.538607126 -5.3094987155 -3.47072815198
3137.93866027 1854.78823779 308.430498949 -5.32903296166 -3.48708907747
3140.08215363 1865.39736982 318.507901985 -5.34842900164 -3.50344800418
3142.20059 1875.95252078 328.767892019 -5.3676833037 -3.51980492684
3144.29405342 1886.45377488 339.207315164 -5.38679222416 -3.53615986079
3146.36262776 1896.90121805 349.8227996 -5.40575199946 -3.55251284115
3148.40639618 1907.29494337 360.610768077 -5.42455873797 -3.56886392213
3150.4254413 1917.63504708 371.567451134 -5.4432084114 -3.58521317623
3152.41984524 1927.92163025 382.688900869 -5.4616968459 -3.60156069357
3154.3896896 1938.15479492 393.971005195 -5.48001971283 -3.61790658116
3156.3350555 1948.33464938 405.409502411 -5.49817251914 -3.63425096229
3158.25602371 1958.46130436 416.999995995 -5.51615059729 -3.65059397582
3160.15267404 1968.53487377 428.737969514 -5.53394909487 -3.66693577561
3162.02508629 1978.55547452 440.618802603 -5.55156296371 -3.68327652991
3163.8733398 1988.52322728 452.637781558 -5.5689869485 -3.69961642079
3165.69751295 1998.43825361 464.790120271 -5.58621557498 -3.71595564361
3167.49768413 2008.30067857 477.070970349 -5.60324313759 -3.73229440647
3169.27393127 2018.11062875 489.475436158 -5.62006368653 -3.74863292973
3171.02633134 2027.86823566 501.998589458 -5.63667101432 -3.76497144554
3172.75496135 2037.57362949 514.635477998 -5.65305864171 -3.78131019737
3174.45989769 2047.22694511 527.381145819 -5.66921980289 -3.79764943955
3176.14121644 2056.82831929 540.230636163 -5.68514743016 -3.8139894369
3177.79899275 2066.37788807 553.179010652 -5.70083413773 -3.83033046428
3179.43330181 2075.87579265 566.221356511 -5.7162722049 -3.84667280625
3181.04421818 2085.32217326 579.352792993 -5.73145355833 -3.86301675668
3182.63181596 2094.71717172 592.568488736 -5.74636975357 -3.87936261841
3184.19616881 2104.06093294 605.863660942 -5.76101195566 -3.8957107029
3185.73734994 2113.35360234 619.233591423 -5.77537091879 -3.91206132995
3187.25543222 2122.59532744 632.673629019 -5.78943696502 -3.92841482735
3188.75048781 2131.78625529 646.179197234 -5.80319996196 -3.94477153062
3190.22258843 2140.92653488 659.745800004 -5.81664929933 -3.96113178269
3191.67180569 2150.01631623 673.369026822 -5.82977386448 -3.97749593367
3193.09821041 2159.05574955 687.044557242 -5.84256201658 -3.99386434058
3194.50187304 2168.04498754 700.768165995 -5.85500155968 -4.01023736709
3195.88286344 2176.98418293 714.53572144 -5.86707971434 -4.02661538329
3197.24125129 2185.87348924 728.343196882 -5.87878308796 -4.04299876547
3198.57710566 2194.71306147 742.186663041 -5.89009764361 -4.05938789586
3199.89049513 2203.50305295 756.062298422 -5.90100866727 -4.07578316247
3201.18148785 2212.24361996 769.966385713 -5.91150073358 -4.09218495884
3202.45015146 2220.93491932 783.895313928 -5.92155766977 -4.10859368388
3203.69655316 2229.57710605 797.845578895 -5.93116251789 -4.12500974164
3204.92075975 2238.17033794 811.813783419 -5.94029749511 -4.14143354116
3206.12283724 2246.71477243 825.796637089 -5.94894395208 -4.1578654963
3207.30285158 2255.21056732 839.790955798 -5.95708232926 -4.17430602551
3208.4608678 2263.65788152 853.793660977 -5.96469211097 -4.19075555175
3209.59695079 2272.05687195 867.801778596 -5.97175177727 -4.20721450227
3210.7111649 2280.40769805 881.812437929 -5.9782387534 -4.22368330849
3211.80357381 2288.71051947 895.82287013 -5.98412935665 -4.24016240586
3212.87424069 2296.96549383 909.830406644 -5.98939874068 -4.25665223368
3213.9232284 2305.17278185 923.832477448 -5.994020837 -4.27315323502
3214.9505993 2313.33254216 937.826609175 -5.99796829355 -4.28966585655
3215.95641496 2321.44493423 951.810423124 -6.00121241022 -4.30619054843
3216.94073678 2329.51011759 965.781633171 -6.00372307117 -4.32272776417
3217.90362531 2337.52825179 979.738043603 -6.00546867375 -4.33927796056
3218.84514091 2345.49949572 993.677546897 -6.00641605388 -4.3558415975
3219.76534309 2353.42401001 1007.59812144 -6.00653040778 -4.37241913792
3220.66429107 2361.30195382 1021.49783044 -6.00577520972 -4.38901104769
