  -4.9204300e+01  -1.4945812e-01   1.4053431e+00   1.4424178e+00   1.3095157e+00
  -4.9596400e+01  -1.4906977e-01   1.4187082e+00   1.4546416e+00   1.3200586e+00
  -4.9922455e+01  -1.4910896e-01   1.4321931e+00   1.4672903e+00   1.3311347e+00
  -5.0175322e+01  -1.4941381e-01   1.4457605e+00   1.4801929e+00   1.3425388e+00
  -5.0366532e+01  -1.4944273e-01   1.4596744e+00   1.4933122e+00   1.3540805e+00
  -5.0494928e+01  -1.4935172e-01   1.4738336e+00   1.5066569e+00   1.3658243e+00
  -5.0569985e+01  -1.4957293e-01   1.4879064e+00   1.5199818e+00   1.3775802e+00
  -5.0598249e+01  -1.4988498e-01   1.5020782e+00   1.5334253e+00   1.3894524e+00
  -5.0592661e+01  -1.5021550e-01   1.5163859e+00   1.5469452e+00   1.4013578e+00
  -5.0551444e+01  -1.5077742e-01   1.5307402e+00   1.5606217e+00   1.4134593e+00
  -5.0486366e+01  -1.5147861e-01   1.5451931e+00   1.5744182e+00   1.4256738e+00
  -5.0402915e+01  -1.5233258e-01   1.5597443e+00   1.5883357e+00   1.4380016e+00
  -5.0305502e+01  -1.5335040e-01   1.5743937e+00   1.6023753e+00   1.4504429e+00
  -5.0197607e+01  -1.5454147e-01   1.5891408e+00   1.6165374e+00   1.4629975e+00
  -5.0081931e+01  -1.5591385e-01   1.6039846e+00   1.6308216e+00   1.4756647e+00
  -4.9960549e+01  -1.5747444e-01   1.6189238e+00   1.6452271e+00   1.4884432e+00
  -4.9835034e+01  -1.5922921e-01   1.6339563e+00   1.6597522e+00   1.5013311e+00
  -4.9707455e+01  -1.6141356e-01   1.6488835e+00   1.6742467e+00   1.5142126e+00
  -4.9577131e+01  -1.6357156e-01   1.6640975e+00   1.6890086e+00   1.5273160e+00
  -4.9445274e+01  -1.6593924e-01   1.6793952e+00   1.7038821e+00   1.5405211e+00
  -4.9312466e+01  -1.6851842e-01   1.6947744e+00   1.7188643e+00   1.5538244e+00
  -4.9179064e+01  -1.7131219e-01   1.7102321e+00   1.7339521e+00   1.5672229e+00
  -4.9045320e+01  -1.7432329e-01   1.7257651e+00   1.7491424e+00   1.5807135e+00
  -4.8911404e+01  -1.7755421e-01   1.7413702e+00   1.7644321e+00   1.5942934e+00
  -4.8777429e+01  -1.8100727e-01   1.7570442e+00   1.7798179e+00   1.6079593e+00
  -4.8643465e+01  -1.8468459e-01   1.7727840e+00   1.7952967e+00   1.6217082e+00
  -4.8509550e+01  -1.8858820e-01   1.7885864e+00   1.8108655e+00   1.6355373e+00
  -4.8375698e+01  -1.9272000e-01   1.8044486e+00   1.8265212e+00   1.6494438e+00
  -4.8241911e+01  -1.9708183e-01   1.8203676e+00   1.8422609e+00   1.6634248e+00
  -4.8108177e+01  -2.0167543e-01   1.8363406e+00   1.8580819e+00   1.6774779e+00
  -4.7974478e+01  -2.0650248e-01   1.8523651e+00   1.8739816e+00   1.6916005e+00
  -4.7840792e+01  -2.1156462e-01   1.8684386e+00   1.8899575e+00   1.7057904e+00
  -4.7707094e+01  -2.1686341e-01   1.8845588e+00   1.9060072e+00   1.7200455e+00
  -4.7573359e+01  -2.2240037e-01   1.9007234e+00   1.9221287e+00   1.7343636e+00
  -4.7439561e+01  -2.2817698e-01   1.9169305e+00   1.9383200e+00   1.7487431e+00
  -4.7305678e+01  -2.3419464e-01   1.9331782e+00   1.9545791e+00   1.7631823e+00
  -4.7171685e+01  -2.4045472e-01   1.9494647e+00   1.9709045e+00   1.7776795e+00
  -4.7037564e+01  -2.4695855e-01   1.9657884e+00   1.9872945e+00   1.7922334e+00
  -4.6903294e+01  -2.5370739e-01   1.9821479e+00   2.0037479e+00   1.8068428e+00
  -4.6768861e+01  -2.6070246e-01   1.9985419e+00   2.0202633e+00   1.8215066e+00
  -4.6634250e+01  -2.6794493e-01   2.0149691e+00   2.0368398e+00   1.8362238e+00
  -4.6499449e+01  -2.7543592e-01   2.0314286e+00   2.0534763e+00   1.8509936e+00
  -4.6364448e+01  -2.8317652e-01   2.0479193e+00   2.0701721e+00   1.8658153e+00
  -4.6229239e+01  -2.9116778e-01   2.0644405e+00   2.0869264e+00   1.8806885e+00
  -4.6093818e+01  -2.9941068e-01   2.0809914e+00   2.1037388e+00   1.8956125e+00
  -4.5958178e+01  -3.0790622e-01   2.0975714e+00   2.1206087e+00   1.9105871e+00
  -4.5822318e+01  -3.1665533e-01   2.1141801e+00   2.1375360e+00   1.9256121e+00
  -4.5686237e+01  -3.2565893e-01   2.1308170e+00   2.1545202e+00   1.9406874e+00
  -4.5549934e+01  -3.3491793e-01   2.1474818e+00   2.1715615e+00   1.9558129e+00
  -4.5413412e+01  -3.4443321e-01   2.1641743e+00   2.1886597e+00   1.9709888e+00
  -4.5276672e+01  -3.5420567e-01   2.1808943e+00   2.2058149e+00   1.9862152e+00
  -4.5139717e+01  -3.6423619e-01   2.1976418e+00   2.2230273e+00   2.0014924e+00
  -4.5002552e+01  -3.7452567e-01   2.2144168e+00   2.2402972e+00   2.0168207e+00
  -4.4865182e+01  -3.8507500e-01   2.2312193e+00   2.2576249e+00   2.0322006e+00
  -4.4727613e+01  -3.9588512e-01   2.2480495e+00   2.2750109e+00   2.0476326e+00
  -4.4589849e+01  -4.0695699e-01   2.2649077e+00   2.2924556e+00   2.0631172e+00
  -4.4451897e+01  -4.1829159e-01   2.2817939e+00   2.3099596e+00   2.0786551e+00
  -4.4313765e+01  -4.2988995e-01   2.2987086e+00   2.3275234e+00   2.0942470e+00
  -4.4175459e+01  -4.4175317e-01   2.3156520e+00   2.3451478e+00   2.1098936e+00
  -4.4036986e+01  -4.5388238e-01   2.3326246e+00   2.3628335e+00   2.1255957e+00
  -4.3898353e+01  -4.6627879e-01   2.3496269e+00   2.3805813e+00   2.1413541e+00
  -4.3759569e+01  -4.7894366e-01   2.3666591e+00   2.3983920e+00   2.1571698e+00
  -4.3620640e+01  -4.9187838e-01   2.3837219e+00   2.4162663e+00   2.1730437e+00
  -4.3481574e+01  -5.0508436e-01   2.4008157e+00   2.4342054e+00   2.1889768e+00
  -4.3342379e+01  -5.1856317e-01   2.4179411e+00   2.4522099e+00   2.2049700e+00
  -4.3203061e+01  -5.3231643e-01   2.4350987e+00   2.4702810e+00   2.2210244e+00
  -4.3063628e+01  -5.4634591e-01   2.4522889e+00   2.4884196e+00   2.2371411e+00
  -4.2924088e+01  -5.6065346e-01   2.4695124e+00   2.5066267e+00   2.2533210e+00
  -4.2784447e+01  -5.7524109e-01   2.4867698e+00   2.5249033e+00   2.2695654e+00
  -4.2644712e+01  -5.9011093e-01   2.5040616e+00   2.5432504e+00   2.2858753e+00
  -4.2504889e+01  -6.0526524e-01   2.5213884e+00   2.5616692e+00   2.3022518e+00
  -4.2364986e+01  -6.2070643e-01   2.5387509e+00   2.5801607e+00   2.3186962e+00
  -4.2225009e+01  -6.3643708e-01   2.5561495e+00   2.5987258e+00   2.3352094e+00
  -4.2084963e+01  -6.5245992e-01   2.5735850e+00   2.6173658e+00   2.3517927e+00
  -4.1944855e+01  -6.6877786e-01   2.5910577e+00   2.6360816e+00   2.3684472e+00
  -4.1804690e+01  -6.8539398e-01   2.6085684e+00   2.6548744e+00   2.3851741e+00
  -4.1664474e+01  -7.0231155e-01   2.6261175e+00   2.6737452e+00   2.4019744e+00
  -4.1524212e+01  -7.1953404e-01   2.6437056e+00   2.6926950e+00   2.4188494e+00
  -4.1383909e+01  -7.3706510e-01   2.6613331e+00   2.7117249e+00   2.4358002e+00
  -4.1243570e+01  -7.5490863e-01   2.6790005e+00   2.7308360e+00   2.4528278e+00
  -4.1103200e+01  -7.7306872e-01   2.6967084e+00   2.7500292e+00   2.4699333e+00
  -4.0962802e+01  -7.9154970e-01   2.7144571e+00   2.7693056e+00   2.4871180e+00
  -4.0822382e+01  -8.1035612e-01   2.7322470e+00   2.7886662e+00   2.5043827e+00
  -4.0681942e+01  -8.2949282e-01   2.7500785e+00   2.8081119e+00   2.5217286e+00
  -4.0541487e+01  -8.4896485e-01   2.7679520e+00   2.8276437e+00   2.5391568e+00
  -4.0401020e+01  -8.6877754e-01   2.7858678e+00   2.8472625e+00   2.5566682e+00
  -4.0260544e+01  -8.8893650e-01   2.8038261e+00   2.8669693e+00   2.5742639e+00
  -4.0120063e+01  -9.0944764e-01   2.8218272e+00   2.8867649e+00   2.5919448e+00
  -3.9979580e+01  -9.3031713e-01   2.8398714e+00   2.9066502e+00   2.6097118e+00
  -3.9839096e+01  -9.5155148e-01   2.8579589e+00   2.9266261e+00   2.6275660e+00
  -3.9698616e+01  -9.7315749e-01   2.8760897e+00   2.9466934e+00   2.6455082e+00
  -3.9558140e+01  -9.9514233e-01   2.8942640e+00   2.9668529e+00   2.6635393e+00
  -3.9417672e+01  -1.0175135e+00   2.9124820e+00   2.9871054e+00   2.6816601e+00
  -3.9277213e+01  -1.0402787e+00   2.9307436e+00   3.0074516e+00   2.6998716e+00
  -3.9136764e+01  -1.0634464e+00   2.9490488e+00   3.0278922e+00   2.7181746e+00
  -3.8996329e+01  -1.0870249e+00   2.9673977e+00   3.0484280e+00   2.7365697e+00
  -3.8855907e+01  -1.1110234e+00   2.9857903e+00   3.0690597e+00   2.7550579e+00
  -3.8715501e+01  -1.1354513e+00   3.0042263e+00   3.0897879e+00   2.7736399e+00
  -3.8575112e+01  -1.1603182e+00   3.0227058e+00   3.1106132e+00   2.7923164e+00
  -3.8434741e+01  -1.1856345e+00   3.0412286e+00   3.1315364e+00   2.8110882e+00
  -3.8294388e+01  -1.2114110e+00   3.0597944e+00   3.1525580e+00   2.8299558e+00
  -3.8154054e+01  -1.2376587e+00   3.0784032e+00   3.1736786e+00   2.8489202e+00
  -3.8013741e+01  -1.2643893e+00   3.0970547e+00   3.1948987e+00   2.8679818e+00
  -3.7873448e+01  -1.2916151e+00   3.1157486e+00   3.2162191e+00   2.8871414e+00
  -3.7733177e+01  -1.3193486e+00   3.1344847e+00   3.2376401e+00   2.9063997e+00
  -3.7592926e+01  -1.3476033e+00   3.1532627e+00   3.2591624e+00   2.9257572e+00
  -3.7452698e+01  -1.3763928e+00   3.1720823e+00   3.2807864e+00   2.9452146e+00
  -3.7312490e+01  -1.4057316e+00   3.1909431e+00   3.3025128e+00   2.9647726e+00
  -3.7172305e+01  -1.4356347e+00   3.2098448e+00   3.3243420e+00   2.9844317e+00
  -3.7032141e+01  -1.4661176e+00   3.2287870e+00   3.3462745e+00   3.0041926e+00
  -3.6891997e+01  -1.4971968e+00   3.2477693e+00   3.3683109e+00   3.0240559e+00
  -3.6751875e+01  -1.5288892e+00   3.2667914e+00   3.3904517e+00   3.0440223e+00
  -3.6611773e+01  -1.5612124e+00   3.2858528e+00   3.4126974e+00   3.0640923e+00
  -3.6471691e+01  -1.5941849e+00   3.3049532e+00   3.4350486e+00   3.0842665e+00
  -3.6331628e+01  -1.6278259e+00   3.3240921e+00   3.4575056e+00   3.1045457e+00
  -3.6191584e+01  -1.6621553e+00   3.3432692e+00   3.4800692e+00   3.1249304e+00
  -3.6051557e+01  -1.6971939e+00   3.3624838e+00   3.5027398e+00   3.1454214e+00
  -3.5911546e+01  -1.7329634e+00   3.3817358e+00   3.5255180e+00   3.1660192e+00
  -3.5771552e+01  -1.7694863e+00   3.4010245e+00   3.5484042e+00   3.1867245e+00
  -3.5631572e+01  -1.8067861e+00   3.4203495e+00   3.5713992e+00   3.2075380e+00
  -3.5491606e+01  -1.8448872e+00   3.4397105e+00   3.5945035e+00   3.2284604e+00
  -3.5351652e+01  -1.8838149e+00   3.4591070e+00   3.6177176e+00   3.2494924e+00
  -3.5211708e+01  -1.9235958e+00   3.4785385e+00   3.6410421e+00   3.2706347e+00
  -3.5071775e+01  -1.9642574e+00   3.4980045e+00   3.6644778e+00   3.2918881e+00
  -3.4931850e+01  -2.0058283e+00   3.5175047e+00   3.6880251e+00   3.3132533e+00
  -3.4791931e+01  -2.0483382e+00   3.5370385e+00   3.7116848e+00   3.3347310e+00
  -3.4652018e+01  -2.0918182e+00   3.5566056e+00   3.7354575e+00   3.3563220e+00
  -3.4512108e+01  -2.1363005e+00   3.5762054e+00   3.7593439e+00   3.3780271e+00
  -3.4372200e+01  -2.1818184e+00   3.5958375e+00   3.7833445e+00   3.3998472e+00
  -3.4232292e+01  -2.2284070e+00   3.6155015e+00   3.8074602e+00   3.4217829e+00
  -3.4092383e+01  -2.2761022e+00   3.6351968e+00   3.8316916e+00   3.4438351e+00
  -3.3952470e+01  -2.3249417e+00   3.6549229e+00   3.8560393e+00   3.4660047e+00
  -3.3812552e+01  -2.3749646e+00   3.6746794e+00   3.8805042e+00   3.4882924e+00
  -3.3672627e+01  -2.4262113e+00   3.6944658e+00   3.9050869e+00   3.5106991e+00
  -3.3532693e+01  -2.4787240e+00   3.7142815e+00   3.9297880e+00   3.5332257e+00
  -3.3392748e+01  -2.5325464e+00   3.7341260e+00   3.9546084e+00   3.5558729e+00
  -3.3252789e+01  -2.5877236e+00   3.7539987e+00   3.9795487e+00   3.5786417e+00
  -3.3112816e+01  -2.6443028e+00   3.7738991e+00   4.0046096e+00   3.6015327e+00
  -3.2972827e+01  -2.7023326e+00   3.7938265e+00   4.0297919e+00   3.6245469e+00
  -3.2832818e+01  -2.7618635e+00   3.8137803e+00   4.0550961e+00   3.6476851e+00
  -3.2692788e+01  -2.8229477e+00   3.8337599e+00   4.0805229e+00   3.6709480e+00
  -3.2552735e+01  -2.8856393e+00   3.8537645e+00   4.1060731e+00   3.6943365e+00
  -3.2412657e+01  -2.9499943e+00   3.8737933e+00   4.1317471e+00   3.7178512e+00
  -3.2272552e+01  -3.0160705e+00   3.8938457e+00   4.1575457e+00   3.7414930e+00
  -3.2132418e+01  -3.0839277e+00   3.9139207e+00   4.1834694e+00   3.7652626e+00
  -3.1992253e+01  -3.1536276e+00   3.9340175e+00   4.2095188e+00   3.7891606e+00
  -3.1852055e+01  -3.2252339e+00   3.9541351e+00   4.2356943e+00   3.8131878e+00
  -3.1711821e+01  -3.2988122e+00   3.9742726e+00   4.2619965e+00   3.8373446e+00
  -3.1571551e+01  -3.3744302e+00   3.9944289e+00   4.2884257e+00   3.8616318e+00
  -3.1431242e+01  -3.4521575e+00   4.0146028e+00   4.3149825e+00   3.8860498e+00
  -3.1290892e+01  -3.5320657e+00   4.0347931e+00   4.3416670e+00   3.9105991e+00
  -3.1150500e+01  -3.6142282e+00   4.0549987e+00   4.3684797e+00   3.9352802e+00
  -3.1010063e+01  -3.6987206e+00   4.0752181e+00   4.3954207e+00   3.9600934e+00
  -3.0869580e+01  -3.7856202e+00   4.0954499e+00   4.4224903e+00   3.9850392e+00
  -3.0729050e+01  -3.8750060e+00   4.1156926e+00   4.4496886e+00   4.0101177e+00
  -3.0588470e+01  -3.9669591e+00   4.1359445e+00   4.4770156e+00   4.0353292e+00
  -3.0447839e+01  -4.0615620e+00   4.1562041e+00   4.5044713e+00   4.0606738e+00
  -3.0307156e+01  -4.1588990e+00   4.1764693e+00   4.5320557e+00   4.0861516e+00
  -3.0166419e+01  -4.2590557e+00   4.1967385e+00   4.5597685e+00   4.1117627e+00
  -3.0025627e+01  -4.3621192e+00   4.2170094e+00   4.5876096e+00   4.1375068e+00
  -2.9884779e+01  -4.4681779e+00   4.2372801e+00   4.6155787e+00   4.1633839e+00
  -2.9743873e+01  -4.5773210e+00   4.2575483e+00   4.6436754e+00   4.1893938e+00
  -2.9602908e+01  -4.6896389e+00   4.2778116e+00   4.6718992e+00   4.2155362e+00
  -2.9461883e+01  -4.8052225e+00   4.2980675e+00   4.7002496e+00   4.2418106e+00
  -2.9320798e+01  -4.9241631e+00   4.3183136e+00   4.7287259e+00   4.2682166e+00
  -2.9179651e+01  -5.0465523e+00   4.3385470e+00   4.7573274e+00   4.2947536e+00
  -2.9038442e+01  -5.1724818e+00   4.3587649e+00   4.7860533e+00   4.3214210e+00
  -2.8897170e+01  -5.3020426e+00   4.3789644e+00   4.8149028e+00   4.3482180e+00
  -2.8755834e+01  -5.4353253e+00   4.3991423e+00   4.8438747e+00   4.3751438e+00
  -2.8614433e+01  -5.5724191e+00   4.4192955e+00   4.8729681e+00   4.4021976e+00
  -2.8472968e+01  -5.7134123e+00   4.4394205e+00   4.9021818e+00   4.4293782e+00
  -2.8331438e+01  -5.8583908e+00   4.4595139e+00   4.9315144e+00   4.4566847e+00
  -2.8189843e+01  -6.0074386e+00   4.4795720e+00   4.9609648e+00   4.4841158e+00
  -2.8048183e+01  -6.1606368e+00   4.4995911e+00   4.9905314e+00   4.5116703e+00
  -2.7906456e+01  -6.3180634e+00   4.5195672e+00   5.0202128e+00   4.5393468e+00
  -2.7764665e+01  -6.4797925e+00   4.5394963e+00   5.0500072e+00   4.5671439e+00
  -2.7622808e+01  -6.6458938e+00   4.5593741e+00   5.0799131e+00   4.5950602e+00
  -2.7480886e+01  -6.8164324e+00   4.5791965e+00   5.1099287e+00   4.6230938e+00
  -2.7338899e+01  -6.9914678e+00   4.5989588e+00   5.1400521e+00   4.6512434e+00
  -2.7196847e+01  -7.1710533e+00   4.6186564e+00   5.1702814e+00   4.6795070e+00
  -2.7054732e+01  -7.3552355e+00   4.6382847e+00   5.2006146e+00   4.7078828e+00
  -2.6912552e+01  -7.5440537e+00   4.6578386e+00   5.2310497e+00   4.7363690e+00
  -2.6770310e+01  -7.7375391e+00   4.6773132e+00   5.2615844e+00   4.7649636e+00
  -2.6628005e+01  -7.9357141e+00   4.6967033e+00   5.2922167e+00   4.7936647e+00
  -2.6485638e+01  -8.1385918e+00   4.7160036e+00   5.3229442e+00   4.8224700e+00
  -2.6343211e+01  -8.3461751e+00   4.7352086e+00   5.3537646e+00   4.8513775e+00
  -2.6200723e+01  -8.5584561e+00   4.7543126e+00   5.3846755e+00   4.8803850e+00
  -2.6058176e+01  -8.7754157e+00   4.7733100e+00   5.4156746e+00   4.9094902e+00
  -2.5915570e+01  -8.9970225e+00   4.7921948e+00   5.4467593e+00   4.9386909e+00
  -2.5772907e+01  -9.2232325e+00   4.8109611e+00   5.4779272e+00   4.9679847e+00
  -2.5630188e+01  -9.4539884e+00   4.8296027e+00   5.5091756e+00   4.9973693e+00
  -2.5487413e+01  -9.6892191e+00   4.8481132e+00   5.5405021e+00   5.0268422e+00
  -2.5344584e+01  -9.9288390e+00   4.8664862e+00   5.5719039e+00   5.0564011e+00
  -2.5201702e+01  -1.0172748e+01   4.8847150e+00   5.6033785e+00   5.0860435e+00
  -2.5058767e+01  -1.0420831e+01   4.9027930e+00   5.6349231e+00   5.1157669e+00
  -2.4915782e+01  -1.0672957e+01   4.9207133e+00   5.6665351e+00   5.1455688e+00
  -2.4772747e+01  -1.0928979e+01   4.9384687e+00   5.6982118e+00   5.1754467e+00
  -2.4629663e+01  -1.1188734e+01   4.9560521e+00   5.7299504e+00   5.2053980e+00
  -2.4486532e+01  -1.1452046e+01   4.9734561e+00   5.7617483e+00   5.2354204e+00
  -2.4343354e+01  -1.1718718e+01   4.9906732e+00   5.7936027e+00   5.2655111e+00
  -2.4200132e+01  -1.1988542e+01   5.0076956e+00   5.8255108e+00   5.2956678e+00
  -2.4056866e+01  -1.2261291e+01   5.0245156e+00   5.8574701e+00   5.3258878e+00
  -2.3913557e+01  -1.2536724e+01   5.0411250e+00   5.8894776e+00   5.3561686e+00
  -2.3770207e+01  -1.2814587e+01   5.0575157e+00   5.9215308e+00   5.3865078e+00
  -2.3626816e+01  -1.3094609e+01   5.0736791e+00   5.9536269e+00   5.4169028e+00
  -2.3483387e+01  -1.3376507e+01   5.0896068e+00   5.9857632e+00   5.4473511e+00
  -2.3339920e+01  -1.3659986e+01   5.1052899e+00   6.0179370e+00   5.4778503e+00
  -2.3196416e+01  -1.3944737e+01   5.1207194e+00   6.0501458e+00   5.5083980e+00
  -2.3052876e+01  -1.4230442e+01   5.1358859e+00   6.0823868e+00   5.5389916e+00
  -2.2909302e+01  -1.4516773e+01   5.1507801e+00   6.1146574e+00   5.5696288e+00
  -2.2765695e+01  -1.4803393e+01   5.1653923e+00   6.1469551e+00   5.6003071e+00
  -2.2622056e+01  -1.5089959e+01   5.1797124e+00   6.1792773e+00   5.6310244e+00
  -2.2478385e+01  -1.5376119e+01   5.1937302e+00   6.2116214e+00   5.6617781e+00
  -2.2334684e+01  -1.5661522e+01   5.2074353e+00   6.2439849e+00   5.6925660e+00
  -2.2190954e+01  -1.5945808e+01   5.2208168e+00   6.2763654e+00   5.7233859e+00
  -2.2047195e+01  -1.6228619e+01   5.2338636e+00   6.3087603e+00   5.7542355e+00
  -2.1903409e+01  -1.6509598e+01   5.2465644e+00   6.3411674e+00   5.7851126e+00
  -2.1759597e+01  -1.6788386e+01   5.2589073e+00   6.3735841e+00   5.8160151e+00
  -2.1615759e+01  -1.7064629e+01   5.2708803e+00   6.4060082e+00   5.8469407e+00
  -2.1471896e+01  -1.7337979e+01   5.2824709e+00   6.4384374e+00   5.8778874e+00
  -2.1328009e+01  -1.7608092e+01   5.2936663e+00   6.4708692e+00   5.9088531e+00
  -2.1184098e+01  -1.7874632e+01   5.3044531e+00   6.5033016e+00   5.9398359e+00
  -2.1040164e+01  -1.8137272e+01   5.3148178e+00   6.5357322e+00   5.9708336e+00
  -2.0896209e+01  -1.8395697e+01   5.3247461e+00   6.5681590e+00   6.0018444e+00
  -2.0752232e+01  -1.8649600e+01   5.3342234e+00   6.6005796e+00   6.0328662e+00
  -2.0608234e+01  -1.8898690e+01   5.3432346e+00   6.6329922e+00   6.0638973e+00
  -2.0464215e+01  -1.9142687e+01   5.3517641e+00   6.6653944e+00   6.0949358e+00
  -2.0320177e+01  -1.9381327e+01   5.3597957e+00   6.6977844e+00   6.1259798e+00
  -2.0176119e+01  -1.9614362e+01   5.3673127e+00   6.7301601e+00   6.1570275e+00
  -2.0032042e+01  -1.9841558e+01   5.3742975e+00   6.7625196e+00   6.1880773e+00
  -1.9887946e+01  -2.0062700e+01   5.3807323e+00   6.7948608e+00   6.2191273e+00
  -1.9743831e+01  -2.0277589e+01   5.3865984e+00   6.8271819e+00   6.2501760e+00
  -1.9599698e+01  -2.0486044e+01   5.3918764e+00   6.8594809e+00   6.2812216e+00
  -1.9455547e+01  -2.0687901e+01   5.3965461e+00   6.8917562e+00   6.3122626e+00
  -1.9311378e+01  -2.0883015e+01   5.4005867e+00   6.9240057e+00   6.3432972e+00
  -1.9167191e+01  -2.1071258e+01   5.4039766e+00   6.9562277e+00   6.3743241e+00
  -1.9022986e+01  -2.1252520e+01   5.4066931e+00   6.9884205e+00   6.4053416e+00
  -1.8878763e+01  -2.1426709e+01   5.4087130e+00   7.0205823e+00   6.4363483e+00
  -1.8734522e+01  -2.1593750e+01   5.4100118e+00   7.0527115e+00   6.4673426e+00
  -1.8590263e+01  -2.1753586e+01   5.4105643e+00   7.0848062e+00   6.4983232e+00
  -1.8445985e+01  -2.1906174e+01   5.4103443e+00   7.1168649e+00   6.5292886e+00
  -1.8301689e+01  -2.2051490e+01   5.4093242e+00   7.1488860e+00   6.5602373e+00
  -1.8157373e+01  -2.2189522e+01   5.4074758e+00   7.1808677e+00   6.5911681e+00
  -1.8013038e+01  -2.2320277e+01   5.4047695e+00   7.2128086e+00   6.6220796e+00
  -1.7868683e+01  -2.2443771e+01   5.4011744e+00   7.2447070e+00   6.6529704e+00
  -1.7724307e+01  -2.2560039e+01   5.3966585e+00   7.2765614e+00   6.6838393e+00
  -1.7579909e+01  -2.2669122e+01   5.3911885e+00   7.3083703e+00   6.7146850e+00
  -1.7435490e+01  -2.2771079e+01   5.3847298e+00   7.3401321e+00   6.7455061e+00
  -1.7291047e+01  -2.2865976e+01   5.3772463e+00   7.3718455e+00   6.7763015e+00
  -1.7146580e+01  -2.2953891e+01   5.3687004e+00   7.4035088e+00   6.8070700e+00
  -1.7002088e+01  -2.3034909e+01   5.3590531e+00   7.4351208e+00   6.8378103e+00
  -1.6857569e+01  -2.3109127e+01   5.3482639e+00   7.4666798e+00   6.8685213e+00
  -1.6713023e+01  -2.3176647e+01   5.3362905e+00   7.4981845e+00   6.8992018e+00
  -1.6568448e+01  -2.3237579e+01   5.3230889e+00   7.5296336e+00   6.9298507e+00
  -1.6423841e+01  -2.3292039e+01   5.3086136e+00   7.5610255e+00   6.9604668e+00
  -1.6279202e+01  -2.3340149e+01   5.2928170e+00   7.5923590e+00   6.9910490e+00
  -1.6134528e+01  -2.3382035e+01   5.2756499e+00   7.6236327e+00   7.0215963e+00
  -1.5989817e+01  -2.3417828e+01   5.2570610e+00   7.6548453e+00   7.0521075e+00
  -1.5845067e+01  -2.3447661e+01   5.2369972e+00   7.6859953e+00   7.0825817e+00
  -1.5700276e+01  -2.3471671e+01   5.2154031e+00   7.7170816e+00   7.1130177e+00
  -1.5555440e+01  -2.3489996e+01   5.1922216e+00   7.7481028e+00   7.1434147e+00
  -1.5410556e+01  -2.3502778e+01   5.1673930e+00   7.7790576e+00   7.1737715e+00
  -1.5265621e+01  -2.3510158e+01   5.1408559e+00   7.8099448e+00   7.2040872e+00
  -1.5120632e+01  -2.3512279e+01   5.1125462e+00   7.8407632e+00   7.2343608e+00
  -1.4975585e+01  -2.3509281e+01   5.0823979e+00   7.8715114e+00   7.2645915e+00
  -1.4830475e+01  -2.3501309e+01   5.0503425e+00   7.9021883e+00   7.2947782e+00
  -1.4685298e+01  -2.3488503e+01   5.0163090e+00   7.9327927e+00   7.3249201e+00
  -1.4540049e+01  -2.3471004e+01   4.9802241e+00   7.9633234e+00   7.3550164e+00
  -1.4394722e+01  -2.3448951e+01   4.9420122e+00   7.9937791e+00   7.3850661e+00
  -1.4249312e+01  -2.3422482e+01   4.9015951e+00   8.0241589e+00   7.4150684e+00
  -1.4103813e+01  -2.3391732e+01   4.8588921e+00   8.0544615e+00   7.4450226e+00
  -1.3958218e+01  -2.3356835e+01   4.8138200e+00   8.0846858e+00   7.4749278e+00
  -1.3812520e+01  -2.3317921e+01   4.7662932e+00   8.1148307e+00   7.5047833e+00
  -1.3666710e+01  -2.3275120e+01   4.7162236e+00   8.1448951e+00   7.5345884e+00
  -1.3520781e+01  -2.3228558e+01   4.6635205e+00   8.1748780e+00   7.5643424e+00
  -1.3374724e+01  -2.3178356e+01   4.6080908e+00   8.2047784e+00   7.5940445e+00
  -1.3228528e+01  -2.3124636e+01   4.5498392e+00   8.2345951e+00   7.6236943e+00
  -1.3082184e+01  -2.3067514e+01   4.4886679e+00   8.2643272e+00   7.6532910e+00
  -1.2935681e+01  -2.3007102e+01   4.4244767e+00   8.2939737e+00   7.6828340e+00
  -1.2789006e+01  -2.2943513e+01   4.3571634e+00   8.3235336e+00   7.7123229e+00
  -1.2642147e+01  -2.2876851e+01   4.2866239e+00   8.3530060e+00   7.7417571e+00
  -1.2495091e+01  -2.2807222e+01   4.2127517e+00   8.3823899e+00   7.7711362e+00
  -1.2347823e+01  -2.2734725e+01   4.1354389e+00   8.4116845e+00   7.8004596e+00
  -1.2200328e+01  -2.2659456e+01   4.0545758e+00   8.4408888e+00   7.8297271e+00
  -1.2052591e+01  -2.2581510e+01   3.9700513e+00   8.4700020e+00   7.8589381e+00
  -1.1904593e+01  -2.2500975e+01   3.8817532e+00   8.4990232e+00   7.8880924e+00
  -1.1756318e+01  -2.2417938e+01   3.7895682e+00   8.5279516e+00   7.9171898e+00
  -1.1607746e+01  -2.2332483e+01   3.6933823e+00   8.5567865e+00   7.9462299e+00
  -1.1458858e+01  -2.2244688e+01   3.5930814e+00   8.5855271e+00   7.9752125e+00
  -1.1309635e+01  -2.2154630e+01   3.4885511e+00   8.6141726e+00   8.0041374e+00
  -1.1160054e+01  -2.2062383e+01   3.3796775e+00   8.6427223e+00   8.0330047e+00
  -1.1010095e+01  -2.1968015e+01   3.2663473e+00   8.6711757e+00   8.0618141e+00
  -1.0859735e+01  -2.1871595e+01   3.1484486e+00   8.6995320e+00   8.0905657e+00
  -1.0708953e+01  -2.1773186e+01   3.0258712e+00   8.7277907e+00   8.1192595e+00
  -1.0557728e+01  -2.1672850e+01   2.8985070e+00   8.7559514e+00   8.1478956e+00
  -1.0406037e+01  -2.1570644e+01   2.7662508e+00   8.7840135e+00   8.1764741e+00
  -1.0253861e+01  -2.1466626e+01   2.6290007e+00   8.8119768e+00   8.2049954e+00
  -1.0101180e+01  -2.1360850e+01   2.4866590e+00   8.8398409e+00   8.2334597e+00
  -9.9479787e+00  -2.1253367e+01   2.3391327e+00   8.8676059e+00   8.2618673e+00
  -9.7942420e+00  -2.1144228e+01   2.1863339e+00   8.8952715e+00   8.2902188e+00
  -9.6399599e+00  -2.1033483e+01   2.0281812e+00   8.9228380e+00   8.3185147e+00
  -9.4851264e+00  -2.0921180e+01   1.8645998e+00   8.9503057e+00   8.3467557e+00
  -9.3297418e+00  -2.0807368e+01   1.6955223e+00   8.9776750e+00   8.3749425e+00
  -9.1738127e+00  -2.0692094e+01   1.5208894e+00   9.0049466e+00   8.4030759e+00
  -9.0173543e+00  -2.0575407e+01   1.3406507e+00   9.0321215e+00   8.4311569e+00
  -8.8603913e+00  -2.0457357e+01   1.1547653e+00   9.0592009e+00   8.4591867e+00
  -8.7029595e+00  -2.0337996e+01   9.6320222e-01   9.0861862e+00   8.4871663e+00
  -8.5451073e+00  -2.0217376e+01   7.6594137e-01   9.1130792e+00   8.5150970e+00
  -8.3868967e+00  -2.0095555e+01   5.6297414e-01   9.1398820e+00   8.5429801e+00
  -8.2284049e+00  -1.9972594e+01   3.5430413e-01   9.1665968e+00   8.5708172e+00
  -8.0697251e+00  -1.9848555e+01   1.3994785e-01   9.1932264e+00   8.5986095e+00
  -7.9109668e+00  -1.9723508e+01  -8.0064528e-02   9.2197736e+00   8.6263584e+00
  -7.7522563e+00  -1.9597525e+01  -3.0568845e-01   9.2462415e+00   8.6540654e+00
  -7.5937355e+00  -1.9470685e+01  -5.3686431e-01   9.2726332e+00   8.6817315e+00
  -7.4355617e+00  -1.9343070e+01  -7.7351679e-01   9.2989519e+00   8.7093577e+00
  -7.2779048e+00  -1.9214767e+01  -1.0155542e+00   9.3252008e+00   8.7369444e+00
  -7.1211238e+00  -1.9085507e+01  -1.2635962e+00   9.3513408e+00   8.7645096e+00
  -6.9648582e+00  -1.8956523e+01  -1.5154009e+00   9.3774974e+00   8.7919973e+00
  -6.8100329e+00  -1.8826401e+01  -1.7734434e+00   9.4035125e+00   8.8194835e+00
  -6.6561177e+00  -1.8696638e+01  -2.0352379e+00   9.4295432e+00   8.8468872e+00
  -6.5040124e+00  -1.8566026e+01  -2.3026442e+00   9.4554387e+00   8.8742881e+00
  -6.3531946e+00  -1.8435872e+01  -2.5736970e+00   9.4813464e+00   8.9015992e+00
  -6.2045229e+00  -1.8305140e+01  -2.8496836e+00   9.5071227e+00   8.9289035e+00
  -6.0574719e+00  -1.8174966e+01  -3.1291095e+00   9.5329046e+00   8.9561082e+00
  -5.9128455e+00  -1.8044461e+01  -3.4127427e+00   9.5585559e+00   8.9832999e+00
  -5.7702571e+00  -1.7914416e+01  -3.6996739e+00   9.5841722e+00   9.0104045e+00
  -5.6299816e+00  -1.7784660e+01  -3.9897713e+00   9.6097172e+00   9.0374389e+00
  -5.4920955e+00  -1.7655253e+01  -4.2827380e+00   9.6351876e+00   9.0643988e+00
  -5.3566569e+00  -1.7526254e+01  -4.5782495e+00   9.6605795e+00   9.0912789e+00
  -5.2237054e+00  -1.7397715e+01  -4.8759639e+00   9.6858891e+00   9.1180746e+00
  -5.0932632e+00  -1.7269681e+01  -5.1755247e+00   9.7111126e+00   9.1447813e+00
  -4.9653362e+00  -1.7142193e+01  -5.4765614e+00   9.7362466e+00   9.1713949e+00
  -4.8399158e+00  -1.7015285e+01  -5.7786919e+00   9.7612879e+00   9.1979120e+00
  -4.7169809e+00  -1.6888986e+01  -6.0815236e+00   9.7862339e+00   9.2243300e+00
  -4.5964990e+00  -1.6763319e+01  -6.3846553e+00   9.8110826e+00   9.2506468e+00
  -4.4784286e+00  -1.6638304e+01  -6.6876788e+00   9.8358328e+00   9.2768612e+00
  -4.3627206e+00  -1.6513957e+01  -6.9901812e+00   9.8604836e+00   9.3029730e+00
  -4.2493194e+00  -1.6390290e+01  -7.2917464e+00   9.8850352e+00   9.3289825e+00
  -4.1381646e+00  -1.6267311e+01  -7.5919577e+00   9.9094882e+00   9.3548909e+00
  -4.0291925e+00  -1.6145026e+01  -7.8903994e+00   9.9338439e+00   9.3807002e+00
  -3.9223364e+00  -1.6023440e+01  -8.1866588e+00   9.9581044e+00   9.4064128e+00
  -3.8175282e+00  -1.5902553e+01  -8.4803287e+00   9.9822720e+00   9.4320319e+00
  -3.7146991e+00  -1.5782367e+01  -8.7710087e+00   1.0006350e+01   9.4575611e+00
  -3.6137799e+00  -1.5662881e+01  -9.0583079e+00   1.0030340e+01   9.4830042e+00
  -3.5147021e+00  -1.5544090e+01  -9.3418459e+00   1.0054248e+01   9.5083656e+00
  -3.4173980e+00  -1.5425994e+01  -9.6212551e+00   1.0078075e+01   9.5336495e+00
  -3.3218013e+00  -1.5308588e+01  -9.8961821e+00   1.0101827e+01   9.5588605e+00
  -3.2278473e+00  -1.5191867e+01  -1.0166289e+01   1.0125506e+01   9.5840029e+00
  -3.1354732e+00  -1.5075829e+01  -1.0431256e+01   1.0149117e+01   9.6090810e+00
  -3.0446183e+00  -1.4960467e+01  -1.0690779e+01   1.0172662e+01   9.6340991e+00
  -2.9552242e+00  -1.4845778e+01  -1.0944575e+01   1.0196144e+01   9.6590610e+00
  -2.8672345e+00  -1.4731758e+01  -1.1192382e+01   1.0219567e+01   9.6839705e+00
  -2.7805954e+00  -1.4618401e+01  -1.1433955e+01   1.0242934e+01   9.7088310e+00
  -2.6952553e+00  -1.4505705e+01  -1.1669074e+01   1.0266246e+01   9.7336455e+00
  -2.6111650e+00  -1.4393665e+01  -1.1897538e+01   1.0289505e+01   9.7584169e+00
  -2.5282774e+00  -1.4282277e+01  -1.2119169e+01   1.0312714e+01   9.7831475e+00
  -2.4465478e+00  -1.4171539e+01  -1.2333811e+01   1.0335873e+01   9.8078397e+00
  -2.3659334e+00  -1.4061447e+01  -1.2541327e+01   1.0358984e+01   9.8324952e+00
  -2.2863936e+00  -1.3951997e+01  -1.2741605e+01   1.0382048e+01   9.8571158e+00
  -2.2078896e+00  -1.3843188e+01  -1.2934550e+01   1.0405065e+01   9.8817029e+00
  -2.1303847e+00  -1.3735017e+01  -1.3120092e+01   1.0428035e+01   9.9062577e+00
  -2.0538437e+00  -1.3627481e+01  -1.3298176e+01   1.0450960e+01   9.9307812e+00
  -1.9782331e+00  -1.3520577e+01  -1.3468770e+01   1.0473838e+01   9.9552743e+00
  -1.9035210e+00  -1.3414305e+01  -1.3631859e+01   1.0496671e+01   9.9797377e+00
  -1.8296772e+00  -1.3308660e+01  -1.3787445e+01   1.0519457e+01   1.0004172e+01
  -1.7566725e+00  -1.3203642e+01  -1.3935548e+01   1.0542197e+01   1.0028578e+01
  -1.6844794e+00  -1.3099248e+01  -1.4076203e+01   1.0564889e+01   1.0052956e+01
  -1.6130716e+00  -1.2995477e+01  -1.4209461e+01   1.0587533e+01   1.0077305e+01
  -1.5424239e+00  -1.2892325e+01  -1.4335385e+01   1.0610129e+01   1.0101627e+01
  -1.4725125e+00  -1.2789793e+01  -1.4454052e+01   1.0632676e+01   1.0125922e+01
  -1.4033146e+00  -1.2687877e+01  -1.4565553e+01   1.0655172e+01   1.0150188e+01
  -1.3348085e+00  -1.2586577e+01  -1.4669987e+01   1.0677616e+01   1.0174426e+01
  -1.2669736e+00  -1.2485890e+01  -1.4767465e+01   1.0700008e+01   1.0198635e+01
  -1.1997902e+00  -1.2385816e+01  -1.4858107e+01   1.0722344e+01   1.0222816e+01
  -1.1332396e+00  -1.2286352e+01  -1.4942039e+01   1.0744624e+01   1.0246966e+01
  -1.0673042e+00  -1.2187499e+01  -1.5019398e+01   1.0766846e+01   1.0271086e+01
  -1.0019670e+00  -1.2089254e+01  -1.5090325e+01   1.0789007e+01   1.0295173e+01
  -9.3721193e-01  -1.1991616e+01  -1.5154967e+01   1.0811105e+01   1.0319229e+01
  -8.7302377e-01  -1.1894585e+01  -1.5213476e+01   1.0833138e+01   1.0343249e+01
  -8.0938791e-01  -1.1798159e+01  -1.5266008e+01   1.0855103e+01   1.0367235e+01
  -7.4629044e-01  -1.1702337e+01  -1.5312722e+01   1.0876997e+01   1.0391183e+01
  -6.8371805e-01  -1.1607119e+01  -1.5353780e+01   1.0898818e+01   1.0415094e+01
  -6.2165797e-01  -1.1512503e+01  -1.5389345e+01   1.0920563e+01   1.0438964e+01
  -5.6009795e-01  -1.1418489e+01  -1.5419581e+01   1.0942229e+01   1.0462793e+01
  -4.9902613e-01  -1.1325075e+01  -1.5444654e+01   1.0963813e+01   1.0486580e+01
  -4.3843107e-01  -1.1232259e+01  -1.5464730e+01   1.0985312e+01   1.0510322e+01
  -3.7830166e-01  -1.1140041e+01  -1.5479972e+01   1.1006724e+01   1.0534019e+01
  -3.1862705e-01  -1.1048418e+01  -1.5490546e+01   1.1028044e+01   1.0557670e+01
  -2.5939666e-01  -1.0957389e+01  -1.5496614e+01   1.1049272e+01   1.0581274e+01
  -2.0060009e-01  -1.0866952e+01  -1.5498337e+01   1.1070404e+01   1.0604829e+01
  -1.4222711e-01  -1.0777103e+01  -1.5495875e+01   1.1091437e+01   1.0628336e+01
  -8.4267627e-02  -1.0687842e+01  -1.5489383e+01   1.1112370e+01   1.0651794e+01
  -2.6711668e-02  -1.0599164e+01  -1.5479017e+01   1.1133200e+01   1.0675202e+01
   3.0450663e-02  -1.0511067e+01  -1.5464927e+01   1.1153924e+01   1.0698562e+01
   8.7229189e-02  -1.0423546e+01  -1.5447263e+01   1.1174542e+01   1.0721872e+01
   1.4363367e-01  -1.0336600e+01  -1.5426169e+01   1.1195051e+01   1.0745135e+01
   1.9967383e-01  -1.0250223e+01  -1.5401788e+01   1.1215449e+01   1.0768349e+01
   2.5535934e-01  -1.0164412e+01  -1.5374259e+01   1.1235734e+01   1.0791517e+01
   3.1069984e-01  -1.0079161e+01  -1.5343717e+01   1.1255906e+01   1.0814639e+01
   3.6570494e-01  -9.9944671e+00  -1.5310293e+01   1.1275962e+01   1.0837717e+01
