   3.1085867e+01  -8.5007799e+01  -8.5003230e+01  -8.5001037e+01  -8.5000618e+01
   3.2042385e+01  -8.5015469e+01  -8.5006431e+01  -8.5002065e+01  -8.5001231e+01
   3.2867591e+01  -8.5023009e+01  -8.5009598e+01  -8.5003084e+01  -8.5001839e+01
   3.3557271e+01  -8.5030417e+01  -8.5012725e+01  -8.5004092e+01  -8.5002442e+01
   3.4116514e+01  -8.5037707e+01  -8.5015822e+01  -8.5005093e+01  -8.5003039e+01
   3.4554518e+01  -8.5044883e+01  -8.5018895e+01  -8.5006087e+01  -8.5003634e+01
   3.4884628e+01  -8.5051942e+01  -8.5021937e+01  -8.5007073e+01  -8.5004223e+01
   3.5122468e+01  -8.5058886e+01  -8.5024949e+01  -8.5008052e+01  -8.5004808e+01
   3.5284435e+01  -8.5065721e+01  -8.5027937e+01  -8.5009024e+01  -8.5005390e+01
   3.5384871e+01  -8.5072444e+01  -8.5030896e+01  -8.5009988e+01  -8.5005968e+01
   3.5436598e+01  -8.5079057e+01  -8.5033828e+01  -8.5010945e+01  -8.5006541e+01
   3.5450338e+01  -8.5085561e+01  -8.5036734e+01  -8.5011895e+01  -8.5007110e+01
   3.5434795e+01  -8.5091958e+01  -8.5039614e+01  -8.5012838e+01  -8.5007675e+01
   3.5396888e+01  -8.5098249e+01  -8.5042469e+01  -8.5013774e+01  -8.5008236e+01
   3.5342042e+01  -8.5104433e+01  -8.5045301e+01  -8.5014704e+01  -8.5008794e+01
   3.5274464e+01  -8.5110511e+01  -8.5048110e+01  -8.5015627e+01  -8.5009348e+01
   3.5197390e+01  -8.5116483e+01  -8.5050897e+01  -8.5016545e+01  -8.5009899e+01
   3.5114051e+01  -8.5122343e+01  -8.5053655e+01  -8.5017454e+01  -8.5010445e+01
   3.5025299e+01  -8.5128096e+01  -8.5056393e+01  -8.5018358e+01  -8.5010988e+01
   3.4932671e+01  -8.5133742e+01  -8.5059112e+01  -8.5019257e+01  -8.5011528e+01
   3.4837262e+01  -8.5139280e+01  -8.5061812e+01  -8.5020151e+01  -8.5012065e+01
   3.4739871e+01  -8.5144706e+01  -8.5064494e+01  -8.5021040e+01  -8.5012600e+01
   3.4641072e+01  -8.5150020e+01  -8.5067159e+01  -8.5021924e+01  -8.5013132e+01
   3.4541270e+01  -8.5155217e+01  -8.5069807e+01  -8.5022803e+01  -8.5013661e+01
   3.4440744e+01  -8.5160295e+01  -8.5072438e+01  -8.5023679e+01  -8.5014188e+01
   3.4339676e+01  -8.5165251e+01  -8.5075054e+01  -8.5024550e+01  -8.5014712e+01
   3.4238178e+01  -8.5170079e+01  -8.5077655e+01  -8.5025417e+01  -8.5015234e+01
   3.4136309e+01  -8.5174775e+01  -8.5080241e+01  -8.5026280e+01  -8.5015754e+01
   3.4034090e+01  -8.5179334e+01  -8.5082813e+01  -8.5027140e+01  -8.5016272e+01
   3.3931516e+01  -8.5183751e+01  -8.5085371e+01  -8.5027996e+01  -8.5016788e+01
   3.3828562e+01  -8.5188019e+01  -8.5087917e+01  -8.5028848e+01  -8.5017303e+01
   3.3725191e+01  -8.5192132e+01  -8.5090449e+01  -8.5029698e+01  -8.5017815e+01
   3.3621358e+01  -8.5196084e+01  -8.5092969e+01  -8.5030544e+01  -8.5018326e+01
   3.3517014e+01  -8.5199868e+01  -8.5095478e+01  -8.5031388e+01  -8.5018834e+01
   3.3412110e+01  -8.5203477e+01  -8.5097975e+01  -8.5032228e+01  -8.5019342e+01
   3.3306595e+01  -8.5206904e+01  -8.5100460e+01  -8.5033066e+01  -8.5019848e+01
   3.3200422e+01  -8.5210142e+01  -8.5102935e+01  -8.5033901e+01  -8.5020352e+01
   3.3093545e+01  -8.5213184e+01  -8.5105400e+01  -8.5034734e+01  -8.5020855e+01
   3.2985925e+01  -8.5216022e+01  -8.5107855e+01  -8.5035564e+01  -8.5021357e+01
   3.2877524e+01  -8.5218650e+01  -8.5110299e+01  -8.5036392e+01  -8.5021858e+01
   3.2768309e+01  -8.5221059e+01  -8.5112735e+01  -8.5037219e+01  -8.5022357e+01
   3.2658252e+01  -8.5223244e+01  -8.5115161e+01  -8.5038043e+01  -8.5022855e+01
   3.2547330e+01  -8.5225196e+01  -8.5117578e+01  -8.5038865e+01  -8.5023353e+01
   3.2435523e+01  -8.5226909e+01  -8.5119987e+01  -8.5039685e+01  -8.5023849e+01
   3.2322815e+01  -8.5228375e+01  -8.5122387e+01  -8.5040504e+01  -8.5024345e+01
   3.2209195e+01  -8.5229587e+01  -8.5124779e+01  -8.5041321e+01  -8.5024839e+01
   3.2094656e+01  -8.5230539e+01  -8.5127163e+01  -8.5042136e+01  -8.5025333e+01
   3.1979193e+01  -8.5231224e+01  -8.5129540e+01  -8.5042950e+01  -8.5025826e+01
   3.1862804e+01  -8.5231634e+01  -8.5131908e+01  -8.5043763e+01  -8.5026319e+01
   3.1745492e+01  -8.5231763e+01  -8.5134270e+01  -8.5044574e+01  -8.5026810e+01
   3.1627260e+01  -8.5231603e+01  -8.5136624e+01  -8.5045384e+01  -8.5027302e+01
   3.1508116e+01  -8.5231149e+01  -8.5138972e+01  -8.5046194e+01  -8.5027792e+01
   3.1388070e+01  -8.5230392e+01  -8.5141312e+01  -8.5047002e+01  -8.5028282e+01
   3.1267130e+01  -8.5229327e+01  -8.5143646e+01  -8.5047809e+01  -8.5028772e+01
   3.1145312e+01  -8.5227945e+01  -8.5145973e+01  -8.5048615e+01  -8.5029261e+01
   3.1022628e+01  -8.5226239e+01  -8.5148293e+01  -8.5049421e+01  -8.5029750e+01
   3.0899094e+01  -8.5224203e+01  -8.5150608e+01  -8.5050226e+01  -8.5030239e+01
   3.0774727e+01  -8.5221829e+01  -8.5152916e+01  -8.5051030e+01  -8.5030727e+01
   3.0649545e+01  -8.5219108e+01  -8.5155217e+01  -8.5051833e+01  -8.5031215e+01
   3.0523566e+01  -8.5216033e+01  -8.5157513e+01  -8.5052636e+01  -8.5031703e+01
   3.0396810e+01  -8.5212597e+01  -8.5159802e+01  -8.5053439e+01  -8.5032191e+01
   3.0269297e+01  -8.5208789e+01  -8.5162086e+01  -8.5054241e+01  -8.5032678e+01
   3.0141046e+01  -8.5204602e+01  -8.5164363e+01  -8.5055043e+01  -8.5033166e+01
   3.0012079e+01  -8.5200027e+01  -8.5166635e+01  -8.5055844e+01  -8.5033653e+01
   2.9882417e+01  -8.5195053e+01  -8.5168900e+01  -8.5056645e+01  -8.5034141e+01
   2.9752081e+01  -8.5189672e+01  -8.5171160e+01  -8.5057446e+01  -8.5034628e+01
   2.9621091e+01  -8.5183872e+01  -8.5173414e+01  -8.5058247e+01  -8.5035116e+01
   2.9489470e+01  -8.5177643e+01  -8.5175662e+01  -8.5059048e+01  -8.5035603e+01
   2.9357239e+01  -8.5170975e+01  -8.5177903e+01  -8.5059849e+01  -8.5036091e+01
   2.9224419e+01  -8.5163854e+01  -8.5180139e+01  -8.5060650e+01  -8.5036579e+01
   2.9091031e+01  -8.5156269e+01  -8.5182369e+01  -8.5061451e+01  -8.5037067e+01
   2.8957095e+01  -8.5148207e+01  -8.5184593e+01  -8.5062252e+01  -8.5037555e+01
   2.8822634e+01  -8.5139654e+01  -8.5186810e+01  -8.5063053e+01  -8.5038044e+01
   2.8687667e+01  -8.5130597e+01  -8.5189021e+01  -8.5063855e+01  -8.5038533e+01
   2.8552213e+01  -8.5121019e+01  -8.5191226e+01  -8.5064656e+01  -8.5039022e+01
   2.8416294e+01  -8.5110907e+01  -8.5193425e+01  -8.5065458e+01  -8.5039511e+01
   2.8279929e+01  -8.5100242e+01  -8.5195617e+01  -8.5066261e+01  -8.5040001e+01
   2.8143137e+01  -8.5089009e+01  -8.5197803e+01  -8.5067063e+01  -8.5040491e+01
   2.8005936e+01  -8.5077190e+01  -8.5199982e+01  -8.5067866e+01  -8.5040981e+01
   2.7868345e+01  -8.5064764e+01  -8.5202154e+01  -8.5068670e+01  -8.5041472e+01
   2.7730382e+01  -8.5051713e+01  -8.5204319e+01  -8.5069474e+01  -8.5041963e+01
   2.7592065e+01  -8.5038016e+01  -8.5206476e+01  -8.5070278e+01  -8.5042455e+01
   2.7453411e+01  -8.5023651e+01  -8.5208627e+01  -8.5071083e+01  -8.5042947e+01
   2.7314436e+01  -8.5008595e+01  -8.5210770e+01  -8.5071889e+01  -8.5043439e+01
   2.7175158e+01  -8.4992825e+01  -8.5212906e+01  -8.5072695e+01  -8.5043932e+01
   2.7035591e+01  -8.4976314e+01  -8.5215033e+01  -8.5073502e+01  -8.5044426e+01
   2.6895752e+01  -8.4959038e+01  -8.5217153e+01  -8.5074309e+01  -8.5044920e+01
   2.6755656e+01  -8.4940967e+01  -8.5219265e+01  -8.5075117e+01  -8.5045415e+01
   2.6615316e+01  -8.4922074e+01  -8.5221368e+01  -8.5075926e+01  -8.5045910e+01
   2.6474748e+01  -8.4902328e+01  -8.5223462e+01  -8.5076735e+01  -8.5046406e+01
   2.6333966e+01  -8.4881698e+01  -8.5225548e+01  -8.5077545e+01  -8.5046903e+01
   2.6192982e+01  -8.4860149e+01  -8.5227624e+01  -8.5078356e+01  -8.5047400e+01
   2.6051810e+01  -8.4837649e+01  -8.5229691e+01  -8.5079168e+01  -8.5047898e+01
   2.5910463e+01  -8.4814159e+01  -8.5231749e+01  -8.5079981e+01  -8.5048396e+01
   2.5768952e+01  -8.4789642e+01  -8.5233796e+01  -8.5080794e+01  -8.5048895e+01
   2.5627290e+01  -8.4764058e+01  -8.5235834e+01  -8.5081608e+01  -8.5049395e+01
   2.5485489e+01  -8.4737365e+01  -8.5237861e+01  -8.5082423e+01  -8.5049896e+01
   2.5343558e+01  -8.4709519e+01  -8.5239877e+01  -8.5083239e+01  -8.5050397e+01
   2.5201510e+01  -8.4680476e+01  -8.5241882e+01  -8.5084056e+01  -8.5050899e+01
   2.5059354e+01  -8.4650186e+01  -8.5243875e+01  -8.5084874e+01  -8.5051402e+01
   2.4917101e+01  -8.4618600e+01  -8.5245857e+01  -8.5085693e+01  -8.5051905e+01
   2.4774761e+01  -8.4585665e+01  -8.5247826e+01  -8.5086512e+01  -8.5052409e+01
   2.4632342e+01  -8.4551328e+01  -8.5249783e+01  -8.5087333e+01  -8.5052914e+01
   2.4489855e+01  -8.4515529e+01  -8.5251728e+01  -8.5088154e+01  -8.5053420e+01
   2.4347308e+01  -8.4478210e+01  -8.5253658e+01  -8.5088977e+01  -8.5053926e+01
   2.4204709e+01  -8.4439308e+01  -8.5255576e+01  -8.5089800e+01  -8.5054434e+01
   2.4062067e+01  -8.4398758e+01  -8.5257479e+01  -8.5090624e+01  -8.5054942e+01
   2.3919390e+01  -8.4356491e+01  -8.5259367e+01  -8.5091450e+01  -8.5055451e+01
   2.3776685e+01  -8.4312435e+01  -8.5261241e+01  -8.5092276e+01  -8.5055960e+01
   2.3633961e+01  -8.4266516e+01  -8.5263099e+01  -8.5093103e+01  -8.5056471e+01
   2.3491223e+01  -8.4218657e+01  -8.5264941e+01  -8.5093932e+01  -8.5056982e+01
   2.3348480e+01  -8.4168775e+01  -8.5266767e+01  -8.5094761e+01  -8.5057495e+01
   2.3205737e+01  -8.4116786e+01  -8.5268576e+01  -8.5095592e+01  -8.5058008e+01
   2.3063002e+01  -8.4062600e+01  -8.5270367e+01  -8.5096423e+01  -8.5058521e+01
   2.2920280e+01  -8.4006125e+01  -8.5272141e+01  -8.5097255e+01  -8.5059036e+01
   2.2777578e+01  -8.3947264e+01  -8.5273896e+01  -8.5098089e+01  -8.5059552e+01
   2.2634901e+01  -8.3885916e+01  -8.5275631e+01  -8.5098923e+01  -8.5060068e+01
   2.2492255e+01  -8.3821975e+01  -8.5277347e+01  -8.5099759e+01  -8.5060586e+01
   2.2349646e+01  -8.3755331e+01  -8.5279043e+01  -8.5100595e+01  -8.5061104e+01
   2.2207078e+01  -8.3685870e+01  -8.5280717e+01  -8.5101433e+01  -8.5061623e+01
   2.2064556e+01  -8.3613470e+01  -8.5282369e+01  -8.5102271e+01  -8.5062143e+01
   2.1922086e+01  -8.3538008e+01  -8.5284000e+01  -8.5103111e+01  -8.5062664e+01
   2.1779671e+01  -8.3459353e+01  -8.5285607e+01  -8.5103951e+01  -8.5063185e+01
   2.1637317e+01  -8.3377369e+01  -8.5287190e+01  -8.5104793e+01  -8.5063708e+01
   2.1495028e+01  -8.3291914e+01  -8.5288748e+01  -8.5105635e+01  -8.5064231e+01
   2.1352808e+01  -8.3202841e+01  -8.5290281e+01  -8.5106478e+01  -8.5064756e+01
   2.1210660e+01  -8.3109996e+01  -8.5291788e+01  -8.5107323e+01  -8.5065281e+01
   2.1068590e+01  -8.3013218e+01  -8.5293267e+01  -8.5108168e+01  -8.5065807e+01
   2.0926600e+01  -8.2912342e+01  -8.5294718e+01  -8.5109015e+01  -8.5066334e+01
   2.0784693e+01  -8.2807193e+01  -8.5296141e+01  -8.5109862e+01  -8.5066862e+01
   2.0642875e+01  -8.2697591e+01  -8.5297533e+01  -8.5110710e+01  -8.5067390e+01
   2.0501146e+01  -8.2583348e+01  -8.5298894e+01  -8.5111560e+01  -8.5067920e+01
   2.0359512e+01  -8.2464269e+01  -8.5300224e+01  -8.5112410e+01  -8.5068451e+01
   2.0217975e+01  -8.2340150e+01  -8.5301520e+01  -8.5113261e+01  -8.5068982e+01
   2.0076538e+01  -8.2210781e+01  -8.5302782e+01  -8.5114113e+01  -8.5069514e+01
   1.9935203e+01  -8.2075942e+01  -8.5304009e+01  -8.5114966e+01  -8.5070047e+01
   1.9793974e+01  -8.1935405e+01  -8.5305199e+01  -8.5115820e+01  -8.5070581e+01
   1.9652852e+01  -8.1788935e+01  -8.5306352e+01  -8.5116674e+01  -8.5071116e+01
   1.9511842e+01  -8.1636286e+01  -8.5307465e+01  -8.5117530e+01  -8.5071652e+01
   1.9370944e+01  -8.1477204e+01  -8.5308539e+01  -8.5118386e+01  -8.5072189e+01
   1.9230161e+01  -8.1311426e+01  -8.5309570e+01  -8.5119244e+01  -8.5072726e+01
   1.9089496e+01  -8.1138678e+01  -8.5310558e+01  -8.5120102e+01  -8.5073265e+01
   1.8948950e+01  -8.0958679e+01  -8.5311501e+01  -8.5120960e+01  -8.5073804e+01
   1.8808525e+01  -8.0771136e+01  -8.5312399e+01  -8.5121820e+01  -8.5074344e+01
   1.8668224e+01  -8.0575746e+01  -8.5313248e+01  -8.5122680e+01  -8.5074885e+01
   1.8528049e+01  -8.0372198e+01  -8.5314048e+01  -8.5123541e+01  -8.5075427e+01
   1.8388000e+01  -8.0160168e+01  -8.5314796e+01  -8.5124403e+01  -8.5075969e+01
   1.8248081e+01  -7.9939325e+01  -8.5315491e+01  -8.5125266e+01  -8.5076513e+01
   1.8108292e+01  -7.9709324e+01  -8.5316132e+01  -8.5126129e+01  -8.5077057e+01
   1.7968635e+01  -7.9469813e+01  -8.5316715e+01  -8.5126992e+01  -8.5077602e+01
   1.7829111e+01  -7.9220427e+01  -8.5317240e+01  -8.5127857e+01  -8.5078148e+01
   1.7689722e+01  -7.8960793e+01  -8.5317703e+01  -8.5128722e+01  -8.5078695e+01
   1.7550470e+01  -7.8690525e+01  -8.5318103e+01  -8.5129588e+01  -8.5079242e+01
   1.7411356e+01  -7.8409229e+01  -8.5318438e+01  -8.5130454e+01  -8.5079791e+01
   1.7272380e+01  -7.8116502e+01  -8.5318704e+01  -8.5131321e+01  -8.5080340e+01
   1.7133545e+01  -7.7811927e+01  -8.5318900e+01  -8.5132188e+01  -8.5080890e+01
   1.6994850e+01  -7.7495083e+01  -8.5319023e+01  -8.5133056e+01  -8.5081440e+01
   1.6856298e+01  -7.7165536e+01  -8.5319070e+01  -8.5133924e+01  -8.5081992e+01
   1.6717890e+01  -7.6822846e+01  -8.5319039e+01  -8.5134793e+01  -8.5082544e+01
   1.6579625e+01  -7.6466562e+01  -8.5318926e+01  -8.5135662e+01  -8.5083097e+01
   1.6441506e+01  -7.6096228e+01  -8.5318729e+01  -8.5136531e+01  -8.5083651e+01
   1.6303533e+01  -7.5711380e+01  -8.5318444e+01  -8.5137401e+01  -8.5084205e+01
   1.6165707e+01  -7.5311548e+01  -8.5318068e+01  -8.5138271e+01  -8.5084760e+01
   1.6028029e+01  -7.4896258e+01  -8.5317597e+01  -8.5139142e+01  -8.5085316e+01
   1.5890499e+01  -7.4465028e+01  -8.5317029e+01  -8.5140013e+01  -8.5085873e+01
   1.5753119e+01  -7.4017378e+01  -8.5316359e+01  -8.5140884e+01  -8.5086430e+01
   1.5615888e+01  -7.3552821e+01  -8.5315583e+01  -8.5141755e+01  -8.5086988e+01
   1.5478808e+01  -7.3070873e+01  -8.5314697e+01  -8.5142626e+01  -8.5087547e+01
   1.5341879e+01  -7.2571047e+01  -8.5313698e+01  -8.5143498e+01  -8.5088106e+01
   1.5205102e+01  -7.2052862e+01  -8.5312580e+01  -8.5144369e+01  -8.5088666e+01
   1.5068477e+01  -7.1515837e+01  -8.5311339e+01  -8.5145241e+01  -8.5089227e+01
   1.4932004e+01  -7.0959499e+01  -8.5309970e+01  -8.5146113e+01  -8.5089788e+01
   1.4795685e+01  -7.0383383e+01  -8.5308469e+01  -8.5146985e+01  -8.5090350e+01
   1.4659520e+01  -6.9787030e+01  -8.5306829e+01  -8.5147857e+01  -8.5090913e+01
   1.4523508e+01  -6.9169997e+01  -8.5305046e+01  -8.5148728e+01  -8.5091476e+01
   1.4387651e+01  -6.8531852e+01  -8.5303113e+01  -8.5149600e+01  -8.5092040e+01
   1.4251948e+01  -6.7872181e+01  -8.5301025e+01  -8.5150472e+01  -8.5092604e+01
   1.4116400e+01  -6.7190588e+01  -8.5298776e+01  -8.5151343e+01  -8.5093169e+01
   1.3981008e+01  -6.6486700e+01  -8.5296359e+01  -8.5152214e+01  -8.5093734e+01
   1.3845772e+01  -6.5760165e+01  -8.5293767e+01  -8.5153085e+01  -8.5094300e+01
   1.3710691e+01  -6.5010663e+01  -8.5290993e+01  -8.5153955e+01  -8.5094867e+01
   1.3575766e+01  -6.4237902e+01  -8.5288030e+01  -8.5154826e+01  -8.5095434e+01
   1.3440997e+01  -6.3441621e+01  -8.5284870e+01  -8.5155696e+01  -8.5096002e+01
   1.3306385e+01  -6.2621598e+01  -8.5281504e+01  -8.5156565e+01  -8.5096570e+01
   1.3171929e+01  -6.1777650e+01  -8.5277925e+01  -8.5157434e+01  -8.5097138e+01
   1.3037629e+01  -6.0909636e+01  -8.5274124e+01  -8.5158303e+01  -8.5097707e+01
   1.2903487e+01  -6.0017460e+01  -8.5270091e+01  -8.5159171e+01  -8.5098277e+01
   1.2769501e+01  -5.9101076e+01  -8.5265816e+01  -8.5160038e+01  -8.5098846e+01
   1.2635672e+01  -5.8160487e+01  -8.5261290e+01  -8.5160905e+01  -8.5099417e+01
   1.2502000e+01  -5.7195753e+01  -8.5256501e+01  -8.5161771e+01  -8.5099987e+01
   1.2368485e+01  -5.6206990e+01  -8.5251440e+01  -8.5162637e+01  -8.5100559e+01
   1.2235127e+01  -5.5194375e+01  -8.5246094e+01  -8.5163502e+01  -8.5101130e+01
   1.2101925e+01  -5.4158145e+01  -8.5240451e+01  -8.5164365e+01  -8.5101702e+01
   1.1968881e+01  -5.3098604e+01  -8.5234498e+01  -8.5165228e+01  -8.5102274e+01
   1.1835993e+01  -5.2016120e+01  -8.5228223e+01  -8.5166091e+01  -8.5102847e+01
   1.1703262e+01  -5.0911133e+01  -8.5221611e+01  -8.5166952e+01  -8.5103419e+01
   1.1570688e+01  -4.9784148e+01  -8.5214649e+01  -8.5167812e+01  -8.5103993e+01
   1.1438271e+01  -4.8635743e+01  -8.5207319e+01  -8.5168671e+01  -8.5104566e+01
   1.1306009e+01  -4.7466567e+01  -8.5199608e+01  -8.5169529e+01  -8.5105140e+01
   1.1173905e+01  -4.6277340e+01  -8.5191498e+01  -8.5170386e+01  -8.5105714e+01
   1.1041956e+01  -4.5068854e+01  -8.5182972e+01  -8.5171242e+01  -8.5106288e+01
   1.0910164e+01  -4.3841969e+01  -8.5174012e+01  -8.5172096e+01  -8.5106862e+01
   1.0778527e+01  -4.2597618e+01  -8.5164598e+01  -8.5172949e+01  -8.5107437e+01
   1.0647047e+01  -4.1336798e+01  -8.5154711e+01  -8.5173801e+01  -8.5108012e+01
   1.0515722e+01  -4.0060574e+01  -8.5144330e+01  -8.5174651e+01  -8.5108586e+01
   1.0384552e+01  -3.8770074e+01  -8.5133433e+01  -8.5175500e+01  -8.5109162e+01
   1.0253537e+01  -3.7466485e+01  -8.5121997e+01  -8.5176347e+01  -8.5109737e+01
   1.0122678e+01  -3.6151052e+01  -8.5109998e+01  -8.5177193e+01  -8.5110312e+01
   9.9919730e+00  -3.4825069e+01  -8.5097411e+01  -8.5178037e+01  -8.5110888e+01
   9.8614226e+00  -3.3489881e+01  -8.5084210e+01  -8.5178879e+01  -8.5111463e+01
   9.7310266e+00  -3.2146876e+01  -8.5070367e+01  -8.5179720e+01  -8.5112039e+01
   9.6007844e+00  -3.0797478e+01  -8.5055854e+01  -8.5180559e+01  -8.5112614e+01
   9.4706960e+00  -2.9443146e+01  -8.5040640e+01  -8.5181396e+01  -8.5113190e+01
   9.3407611e+00  -2.8085361e+01  -8.5024694e+01  -8.5182231e+01  -8.5113765e+01
   9.2109792e+00  -2.6725629e+01  -8.5007982e+01  -8.5183064e+01  -8.5114341e+01
   9.0813502e+00  -2.5365466e+01  -8.4990471e+01  -8.5183895e+01  -8.5114916e+01
   8.9518736e+00  -2.4006399e+01  -8.4972123e+01  -8.5184723e+01  -8.5115492e+01
   8.8225493e+00  -2.2649954e+01  -8.4952902e+01  -8.5185550e+01  -8.5116067e+01
   8.6933768e+00  -2.1297651e+01  -8.4932766e+01  -8.5186374e+01  -8.5116643e+01
   8.5643559e+00  -1.9950999e+01  -8.4911675e+01  -8.5187196e+01  -8.5117218e+01
   8.4354862e+00  -1.8611488e+01  -8.4889584e+01  -8.5188016e+01  -8.5117793e+01
   8.3067673e+00  -1.7280583e+01  -8.4866449e+01  -8.5188833e+01  -8.5118368e+01
   8.1781989e+00  -1.5959719e+01  -8.4842221e+01  -8.5189647e+01  -8.5118942e+01
   8.0497806e+00  -1.4650294e+01  -8.4816850e+01  -8.5190459e+01  -8.5119517e+01
   7.9215121e+00  -1.3353663e+01  -8.4790284e+01  -8.5191269e+01  -8.5120091e+01
   7.7933929e+00  -1.2071137e+01  -8.4762468e+01  -8.5192075e+01  -8.5120665e+01
   7.6654227e+00  -1.0803971e+01  -8.4733344e+01  -8.5192879e+01  -8.5121238e+01
   7.5376011e+00  -9.5533661e+00  -8.4702853e+01  -8.5193680e+01  -8.5121812e+01
   7.4099277e+00  -8.3204636e+00  -8.4670930e+01  -8.5194478e+01  -8.5122385e+01
   7.2824021e+00  -7.1063408e+00  -8.4637511e+01  -8.5195273e+01  -8.5122958e+01
   7.1550239e+00  -5.9120089e+00  -8.4602526e+01  -8.5196064e+01  -8.5123530e+01
   7.0277926e+00  -4.7384105e+00  -8.4565902e+01  -8.5196853e+01  -8.5124102e+01
   6.9007079e+00  -3.5864177e+00  -8.4527565e+01  -8.5197638e+01  -8.5124674e+01
   6.7737692e+00  -2.4568308e+00  -8.4487435e+01  -8.5198421e+01  -8.5125245e+01
   6.6469762e+00  -1.3503773e+00  -8.4445428e+01  -8.5199199e+01  -8.5125815e+01
   6.5203283e+00  -2.6771144e-01  -8.4401459e+01  -8.5199974e+01  -8.5126386e+01
   6.3938252e+00   7.9058576e-01  -8.4355436e+01  -8.5200746e+01  -8.5126955e+01
   6.2674664e+00   1.8240059e+00  -8.4307265e+01  -8.5201514e+01  -8.5127524e+01
   6.1412514e+00   2.8321124e+00  -8.4256847e+01  -8.5202278e+01  -8.5128093e+01
   6.0151797e+00   3.8145394e+00  -8.4204077e+01  -8.5203039e+01  -8.5128661e+01
   5.8892509e+00   4.7709900e+00  -8.4148847e+01  -8.5203795e+01  -8.5129228e+01
   5.7634644e+00   5.7012344e+00  -8.4091043e+01  -8.5204548e+01  -8.5129795e+01
   5.6378198e+00   6.6051078e+00  -8.4030547e+01  -8.5205296e+01  -8.5130361e+01
   5.5123167e+00   7.4825077e+00  -8.3967235e+01  -8.5206040e+01  -8.5130927e+01
   5.3869544e+00   8.3333916e+00  -8.3900976e+01  -8.5206780e+01  -8.5131491e+01
   5.2617325e+00   9.1577740e+00  -8.3831636e+01  -8.5207516e+01  -8.5132055e+01
   5.1366505e+00   9.9557233e+00  -8.3759073e+01  -8.5208248e+01  -8.5132619e+01
   5.0117078e+00   1.0727359e+01  -8.3683139e+01  -8.5208974e+01  -8.5133181e+01
   4.8869041e+00   1.1472849e+01  -8.3603680e+01  -8.5209697e+01  -8.5133743e+01
   4.7622386e+00   1.2192404e+01  -8.3520534e+01  -8.5210414e+01  -8.5134303e+01
   4.6377110e+00   1.2886279e+01  -8.3433534e+01  -8.5211127e+01  -8.5134863e+01
   4.5133206e+00   1.3554764e+01  -8.3342503e+01  -8.5211835e+01  -8.5135422e+01
   4.3890670e+00   1.4198186e+01  -8.3247259e+01  -8.5212537e+01  -8.5135980e+01
   4.2649496e+00   1.4816904e+01  -8.3147611e+01  -8.5213235e+01  -8.5136537e+01
   4.1409679e+00   1.5411304e+01  -8.3043359e+01  -8.5213928e+01  -8.5137093e+01
   4.0171213e+00   1.5981799e+01  -8.2934296e+01  -8.5214615e+01  -8.5137648e+01
   3.8934093e+00   1.6528825e+01  -8.2820206e+01  -8.5215297e+01  -8.5138202e+01
   3.7698313e+00   1.7052838e+01  -8.2700864e+01  -8.5215974e+01  -8.5138755e+01
   3.6463867e+00   1.7554310e+01  -8.2576035e+01  -8.5216644e+01  -8.5139307e+01
   3.5230751e+00   1.8033729e+01  -8.2445476e+01  -8.5217309e+01  -8.5139858e+01
   3.3998958e+00   1.8491595e+01  -8.2308934e+01  -8.5217969e+01  -8.5140407e+01
   3.2768482e+00   1.8928417e+01  -8.2166143e+01  -8.5218622e+01  -8.5140955e+01
   3.1539319e+00   1.9344714e+01  -8.2016831e+01  -8.5219270e+01  -8.5141502e+01
   3.0311462e+00   1.9741009e+01  -8.1860712e+01  -8.5219911e+01  -8.5142048e+01
   2.9084905e+00   2.0117828e+01  -8.1697492e+01  -8.5220546e+01  -8.5142592e+01
   2.7859644e+00   2.0475702e+01  -8.1526864e+01  -8.5221174e+01  -8.5143135e+01
   2.6635671e+00   2.0815160e+01  -8.1348510e+01  -8.5221796e+01  -8.5143677e+01
   2.5412982e+00   2.1136732e+01  -8.1162100e+01  -8.5222412e+01  -8.5144217e+01
   2.4191570e+00   2.1440942e+01  -8.0967294e+01  -8.5223021e+01  -8.5144756e+01
   2.2971430e+00   2.1728314e+01  -8.0763739e+01  -8.5223623e+01  -8.5145293e+01
   2.1752555e+00   2.1999367e+01  -8.0551070e+01  -8.5224217e+01  -8.5145829e+01
   2.0534941e+00   2.2254611e+01  -8.0328911e+01  -8.5224805e+01  -8.5146363e+01
   1.9318581e+00   2.2494552e+01  -8.0096871e+01  -8.5225386e+01  -8.5146896e+01
   1.8103470e+00   2.2719689e+01  -7.9854551e+01  -8.5225959e+01  -8.5147427e+01
   1.6889601e+00   2.2930510e+01  -7.9601536e+01  -8.5226524e+01  -8.5147956e+01
   1.5676970e+00   2.3127498e+01  -7.9337402e+01  -8.5227082e+01  -8.5148484e+01
   1.4465570e+00   2.3311122e+01  -7.9061711e+01  -8.5227632e+01  -8.5149009e+01
   1.3255395e+00   2.3481845e+01  -7.8774013e+01  -8.5228175e+01  -8.5149533e+01
   1.2046441e+00   2.3640118e+01  -7.8473848e+01  -8.5228709e+01  -8.5150055e+01
   1.0838700e+00   2.3786383e+01  -7.8160744e+01  -8.5229234e+01  -8.5150575e+01
   9.6321677e-01   2.3921070e+01  -7.7834219e+01  -8.5229752e+01  -8.5151093e+01
   8.4268379e-01   2.4044598e+01  -7.7493779e+01  -8.5230261e+01  -8.5151609e+01
   7.2227050e-01   2.4157376e+01  -7.7138922e+01  -8.5230761e+01  -8.5152123e+01
   6.0197631e-01   2.4259801e+01  -7.6769135e+01  -8.5231252e+01  -8.5152635e+01
   4.8180067e-01   2.4352260e+01  -7.6383897e+01  -8.5231734e+01  -8.5153145e+01
   3.6174300e-01   2.4435127e+01  -7.5982682e+01  -8.5232207e+01  -8.5153653e+01
   2.4180274e-01   2.4508766e+01  -7.5564954e+01  -8.5232670e+01  -8.5154158e+01
   1.2197933e-01   2.4573530e+01  -7.5130174e+01  -8.5233124e+01  -8.5154660e+01
   2.2722139e-03   2.4629760e+01  -7.4677796e+01  -8.5233568e+01  -8.5155161e+01
  -1.1731914e-01   2.4677788e+01  -7.4207274e+01  -8.5234002e+01  -8.5155659e+01
  -2.3679527e-01   2.4717933e+01  -7.3718060e+01  -8.5234426e+01  -8.5156154e+01
  -3.5615670e-01   2.4750505e+01  -7.3209605e+01  -8.5234839e+01  -8.5156647e+01
  -4.7540393e-01   2.4775802e+01  -7.2681362e+01  -8.5235242e+01  -8.5157136e+01
  -5.9453747e-01   2.4794113e+01  -7.2132789e+01  -8.5235634e+01  -8.5157624e+01
  -7.1355780e-01   2.4805717e+01  -7.1563351e+01  -8.5236014e+01  -8.5158108e+01
  -8.3246541e-01   2.4810882e+01  -7.0972520e+01  -8.5236384e+01  -8.5158589e+01
  -9.5126075e-01   2.4809866e+01  -7.0359780e+01  -8.5236742e+01  -8.5159067e+01
  -1.0699443e+00   2.4802922e+01  -6.9724627e+01  -8.5237088e+01  -8.5159542e+01
  -1.1885166e+00   2.4790288e+01  -6.9066575e+01  -8.5237422e+01  -8.5160014e+01
  -1.3069780e+00   2.4772196e+01  -6.8385157e+01  -8.5237744e+01  -8.5160483e+01
  -1.4253290e+00   2.4748872e+01  -6.7679929e+01  -8.5238054e+01  -8.5160948e+01
  -1.5435703e+00   2.4720528e+01  -6.6950472e+01  -8.5238351e+01  -8.5161409e+01
  -1.6617022e+00   2.4687374e+01  -6.6196396e+01  -8.5238635e+01  -8.5161868e+01
  -1.7797255e+00   2.4649608e+01  -6.5417344e+01  -8.5238905e+01  -8.5162322e+01
  -1.8976407e+00   2.4607422e+01  -6.4612995e+01  -8.5239162e+01  -8.5162773e+01
  -2.0154486e+00   2.4561001e+01  -6.3783067e+01  -8.5239405e+01  -8.5163219e+01
  -2.1331498e+00   2.4510523e+01  -6.2927323e+01  -8.5239634e+01  -8.5163662e+01
  -2.2507453e+00   2.4456159e+01  -6.2045572e+01  -8.5239849e+01  -8.5164101e+01
  -2.3682359e+00   2.4398072e+01  -6.1137672e+01  -8.5240049e+01  -8.5164536e+01
  -2.4856225e+00   2.4336421e+01  -6.0203538e+01  -8.5240234e+01  -8.5164966e+01
  -2.6029062e+00   2.4271358e+01  -5.9243141e+01  -8.5240404e+01  -8.5165393e+01
  -2.7200883e+00   2.4203027e+01  -5.8256516e+01  -8.5240558e+01  -8.5165814e+01
  -2.8371700e+00   2.4131569e+01  -5.7243759e+01  -8.5240697e+01  -8.5166232e+01
  -2.9541527e+00   2.4057119e+01  -5.6205037e+01  -8.5240819e+01  -8.5166645e+01
  -3.0710379e+00   2.3979805e+01  -5.5140586e+01  -8.5240926e+01  -8.5167054e+01
  -3.1878274e+00   2.3899751e+01  -5.4050719e+01  -8.5241016e+01  -8.5167458e+01
  -3.3045705e+00   2.3817335e+01  -5.2935474e+01  -8.5241083e+01  -8.5167854e+01
  -3.4211707e+00   2.3732153e+01  -5.1796050e+01  -8.5241139e+01  -8.5168249e+01
  -3.5377278e+00   2.3644799e+01  -5.0632258e+01  -8.5241173e+01  -8.5168636e+01
  -3.6541490e+00   2.3554918e+01  -4.9445461e+01  -8.5241195e+01  -8.5169023e+01
  -3.7705312e+00   2.3463048e+01  -4.8235626e+01  -8.5241194e+01  -8.5169401e+01
  -3.8867852e+00   2.3368874e+01  -4.7004271e+01  -8.5241182e+01  -8.5169780e+01
  -4.0030036e+00   2.3272879e+01  -4.5751559e+01  -8.5241146e+01  -8.5170151e+01
  -4.1191019e+00   2.3174789e+01  -4.4479122e+01  -8.5241099e+01  -8.5170521e+01
  -4.2351680e+00   2.3075032e+01  -4.3187346e+01  -8.5241028e+01  -8.5170885e+01
  -4.3511597e+00   2.2973519e+01  -4.1877673e+01  -8.5240939e+01  -8.5171245e+01
  -4.4670812e+00   2.2870330e+01  -4.0551294e+01  -8.5240832e+01  -8.5171602e+01
  -4.5829363e+00   2.2765542e+01  -3.9209466e+01  -8.5240707e+01  -8.5171956e+01
  -4.6987286e+00   2.2659228e+01  -3.7853513e+01  -8.5240563e+01  -8.5172306e+01
  -4.8144613e+00   2.2551460e+01  -3.6484824e+01  -8.5240401e+01  -8.5172654e+01
  -4.9301377e+00   2.2442304e+01  -3.5104847e+01  -8.5240221e+01  -8.5173000e+01
  -5.0457608e+00   2.2331826e+01  -3.3715083e+01  -8.5240021e+01  -8.5173343e+01
  -5.1613335e+00   2.2220089e+01  -3.2317082e+01  -8.5239802e+01  -8.5173684e+01
  -5.2768586e+00   2.2107151e+01  -3.0912438e+01  -8.5239564e+01  -8.5174023e+01
  -5.3923389e+00   2.1993070e+01  -2.9502776e+01  -8.5239306e+01  -8.5174360e+01
  -5.5077769e+00   2.1877901e+01  -2.8089753e+01  -8.5239027e+01  -8.5174695e+01
  -5.6231752e+00   2.1761695e+01  -2.6675044e+01  -8.5238728e+01  -8.5175029e+01
  -5.7385362e+00   2.1644503e+01  -2.5260339e+01  -8.5238409e+01  -8.5175362e+01
  -5.8538623e+00   2.1526374e+01  -2.3847332e+01  -8.5238068e+01  -8.5175693e+01
  -5.9691557e+00   2.1407352e+01  -2.2437714e+01  -8.5237705e+01  -8.5176024e+01
  -6.0844185e+00   2.1287482e+01  -2.1033169e+01  -8.5237320e+01  -8.5176354e+01
  -6.1996529e+00   2.1166807e+01  -1.9635360e+01  -8.5236912e+01  -8.5176683e+01
  -6.3148609e+00   2.1045365e+01  -1.8245925e+01  -8.5236480e+01  -8.5177011e+01
  -6.4300444e+00   2.0923196e+01  -1.6866471e+01  -8.5236024e+01  -8.5177339e+01
  -6.5452054e+00   2.0800336e+01  -1.5498565e+01  -8.5235544e+01  -8.5177667e+01
  -6.6603456e+00   2.0676820e+01  -1.4143726e+01  -8.5235038e+01  -8.5177995e+01
  -6.7754667e+00   2.0552683e+01  -1.2803423e+01  -8.5234505e+01  -8.5178323e+01
  -6.8905705e+00   2.0427957e+01  -1.1479066e+01  -8.5233946e+01  -8.5178652e+01
  -7.0056586e+00   2.0302672e+01  -1.0172002e+01  -8.5233358e+01  -8.5178980e+01
  -7.1207326e+00   2.0176857e+01  -8.8835090e+00  -8.5232741e+01  -8.5179309e+01
  -7.2357941e+00   2.0050541e+01  -7.6147954e+00  -8.5232095e+01  -8.5179638e+01
  -7.3508445e+00   1.9923752e+01  -6.3669925e+00  -8.5231417e+01  -8.5179969e+01
  -7.4658853e+00   1.9796514e+01  -5.1411541e+00  -8.5230706e+01  -8.5180299e+01
  -7.5809180e+00   1.9668853e+01  -3.9382531e+00  -8.5229963e+01  -8.5180631e+01
  -7.6959440e+00   1.9540791e+01  -2.7591809e+00  -8.5229184e+01  -8.5180964e+01
  -7.8109647e+00   1.9412353e+01  -1.6047453e+00  -8.5228369e+01  -8.5181298e+01
  -7.9259814e+00   1.9283558e+01  -4.7567061e-01  -8.5227517e+01  -8.5181632e+01
  -8.0409956e+00   1.9154429e+01   6.2740217e-01  -8.5226625e+01  -8.5181969e+01
  -8.1560085e+00   1.9024985e+01   1.7039150e+00  -8.5225693e+01  -8.5182306e+01
  -8.2710214e+00   1.8895244e+01   2.7533919e+00  -8.5224719e+01  -8.5182645e+01
  -8.3860358e+00   1.8765225e+01   3.7754369e+00  -8.5223700e+01  -8.5182985e+01
  -8.5010528e+00   1.8634945e+01   4.7697323e+00  -8.5222635e+01  -8.5183327e+01
  -8.6160739e+00   1.8504421e+01   5.7360366e+00  -8.5221523e+01  -8.5183671e+01
  -8.7311003e+00   1.8373669e+01   6.6741813e+00  -8.5220360e+01  -8.5184016e+01
  -8.8461333e+00   1.8242703e+01   7.5840687e+00  -8.5219145e+01  -8.5184363e+01
  -8.9611743e+00   1.8111539e+01   8.4656678e+00  -8.5217875e+01  -8.5184712e+01
  -9.0762245e+00   1.7980190e+01   9.3190118e+00  -8.5216548e+01  -8.5185063e+01
  -9.1912854e+00   1.7848669e+01   1.0144194e+01  -8.5215162e+01  -8.5185415e+01
  -9.3063582e+00   1.7716990e+01   1.0941364e+01  -8.5213713e+01  -8.5185770e+01
  -9.4214443e+00   1.7585164e+01   1.1710726e+01  -8.5212199e+01  -8.5186127e+01
  -9.5365450e+00   1.7453203e+01   1.2452530e+01  -8.5210618e+01  -8.5186486e+01
  -9.6516618e+00   1.7321118e+01   1.3167075e+01  -8.5208965e+01  -8.5186847e+01
  -9.7667959e+00   1.7188920e+01   1.3854698e+01  -8.5207238e+01  -8.5187211e+01
  -9.8819489e+00   1.7056618e+01   1.4515778e+01  -8.5205432e+01  -8.5187577e+01
  -9.9971222e+00   1.6924223e+01   1.5150724e+01  -8.5203546e+01  -8.5187945e+01
  -1.0112317e+01   1.6791745e+01   1.5759978e+01  -8.5201574e+01  -8.5188316e+01
  -1.0227535e+01   1.6659191e+01   1.6344008e+01  -8.5199512e+01  -8.5188689e+01
  -1.0342778e+01   1.6526570e+01   1.6903308e+01  -8.5197357e+01  -8.5189065e+01
  -1.0458047e+01   1.6393891e+01   1.7438389e+01  -8.5195105e+01  -8.5189443e+01
  -1.0573343e+01   1.6261161e+01   1.7949784e+01  -8.5192749e+01  -8.5189824e+01
  -1.0688669e+01   1.6128387e+01   1.8438037e+01  -8.5190287e+01  -8.5190207e+01
  -1.0804026e+01   1.5995578e+01   1.8903705e+01  -8.5187711e+01  -8.5190593e+01
  -1.0919415e+01   1.5862739e+01   1.9347355e+01  -8.5185018e+01  -8.5190982e+01
  -1.1034838e+01   1.5729877e+01   1.9769561e+01  -8.5182201e+01  -8.5191374e+01
  -1.1150297e+01   1.5596998e+01   2.0170901e+01  -8.5179255e+01  -8.5191769e+01
  -1.1265793e+01   1.5464108e+01   2.0551956e+01  -8.5176172e+01  -8.5192166e+01
  -1.1381328e+01   1.5331212e+01   2.0913308e+01  -8.5172948e+01  -8.5192566e+01
  -1.1496904e+01   1.5198317e+01   2.1255537e+01  -8.5169574e+01  -8.5192969e+01
  -1.1612523e+01   1.5065428e+01   2.1579223e+01  -8.5166044e+01  -8.5193376e+01
  -1.1728187e+01   1.4932548e+01   2.1884938e+01  -8.5162350e+01  -8.5193785e+01
  -1.1843896e+01   1.4799684e+01   2.2173251e+01  -8.5158484e+01  -8.5194197e+01
  -1.1959654e+01   1.4666838e+01   2.2444724e+01  -8.5154438e+01  -8.5194612e+01
  -1.2075462e+01   1.4534017e+01   2.2699912e+01  -8.5150203e+01  -8.5195031e+01
  -1.2191322e+01   1.4401223e+01   2.2939361e+01  -8.5145769e+01  -8.5195452e+01
  -1.2307236e+01   1.4268461e+01   2.3163606e+01  -8.5141128e+01  -8.5195877e+01
  -1.2423207e+01   1.4135734e+01   2.3373174e+01  -8.5136268e+01  -8.5196305e+01
  -1.2539235e+01   1.4003046e+01   2.3568581e+01  -8.5131179e+01  -8.5196736e+01
  -1.2655323e+01   1.3870401e+01   2.3750331e+01  -8.5125851e+01  -8.5197170e+01
  -1.2771474e+01   1.3737801e+01   2.3918917e+01  -8.5120270e+01  -8.5197608e+01
  -1.2887689e+01   1.3605250e+01   2.4074819e+01  -8.5114426e+01  -8.5198049e+01
