1.8215576e+01 -1.0146684e-07 -1.0147233e-07 -1.0147233e-07 4.2446196e-07
3.6515826e+01 -1.2040986e-03 -4.9894233e-04 -1.6000412e-04 -9.4422467e-05
5.4882860e+01 -3.5872069e-03 -1.4893937e-03 -4.7777342e-04 -2.8347880e-04
7.3298606e+01 -7.1257119e-03 -2.9646310e-03 -9.5154866e-04 -5.6567758e-04
9.1744854e+01 -1.1796682e-02 -4.9180521e-03 -1.5795195e-03 -9.3997747e-04
1.1020384e+02 -1.7577823e-02 -7.3432457e-03 -2.3599179e-03 -1.4053625e-03
1.2865908e+02 -2.4447385e-02 -1.0233975e-02 -3.2910147e-03 -1.9608393e-03
1.4709597e+02 -3.2384095e-02 -1.3584171e-02 -4.3711186e-03 -2.6054349e-03
1.6550215e+02 -4.1367099e-02 -1.7387926e-02 -5.5985756e-03 -3.3381973e-03
1.8386746e+02 -5.1375912e-02 -2.1639487e-02 -6.9717692e-03 -4.1581946e-03
2.0218376e+02 -6.2390377e-02 -2.6333261e-02 -8.4891207e-03 -5.0645162e-03
2.2044470e+02 -7.4390621e-02 -3.1463804e-02 -1.0149089e-02 -6.0562724e-03
2.3864536e+02 -8.7357015e-02 -3.7025822e-02 -1.1950171e-02 -7.1325947e-03
2.5678202e+02 -1.0127014e-01 -4.3014166e-02 -1.3890901e-02 -8.2926364e-03
2.7485188e+02 -1.1611074e-01 -4.9423832e-02 -1.5969850e-02 -9.5355718e-03
2.9285290e+02 -1.3185970e-01 -5.6249956e-02 -1.8185627e-02 -1.0860597e-02
3.1078358e+02 -1.4849799e-01 -6.3487806e-02 -2.0536878e-02 -1.2266928e-02
3.2864289e+02 -1.6600662e-01 -7.1132789e-02 -2.3022284e-02 -1.3753802e-02
3.4643011e+02 -1.8436661e-01 -7.9180434e-02 -2.5640561e-02 -1.5320479e-02
3.6414478e+02 -2.0355893e-01 -8.7626400e-02 -2.8390461e-02 -1.6966235e-02
3.8178665e+02 -2.2356443e-01 -9.6466463e-02 -3.1270770e-02 -1.8690368e-02
3.9935557e+02 -2.4436382e-01 -1.0569652e-01 -3.4280307e-02 -2.0492196e-02
4.1685154e+02 -2.6593755e-01 -1.1531258e-01 -3.7417922e-02 -2.2371054e-02
4.3427461e+02 -2.8826578e-01 -1.2531076e-01 -4.0682498e-02 -2.4326297e-02
4.5162488e+02 -3.1132828e-01 -1.3568728e-01 -4.4072950e-02 -2.6357297e-02
4.6890249e+02 -3.3510439e-01 -1.4643846e-01 -4.7588221e-02 -2.8463443e-02
4.8610761e+02 -3.5957291e-01 -1.5756074e-01 -5.1227285e-02 -3.0644142e-02
5.0324042e+02 -3.8471203e-01 -1.6905063e-01 -5.4989142e-02 -3.2898818e-02
5.2030111e+02 -4.1049930e-01 -1.8090474e-01 -5.8872823e-02 -3.5226909e-02
5.3728987e+02 -4.3691152e-01 -1.9311976e-01 -6.2877384e-02 -3.7627871e-02
5.5420688e+02 -4.6392470e-01 -2.0569248e-01 -6.7001906e-02 -4.0101174e-02
5.7105234e+02 -4.9151401e-01 -2.1861977e-01 -7.1245499e-02 -4.2646304e-02
5.8782641e+02 -5.1965372e-01 -2.3189856e-01 -7.5607294e-02 -4.5262759e-02
6.0452927e+02 -5.4831718e-01 -2.4552587e-01 -8.0086448e-02 -4.7950054e-02
6.2116108e+02 -5.7747676e-01 -2.5949879e-01 -8.4682140e-02 -5.0707716e-02
6.3772201e+02 -6.0710386e-01 -2.7381448e-01 -8.9393575e-02 -5.3535285e-02
6.5421219e+02 -6.3716887e-01 -2.8847016e-01 -9.4219975e-02 -5.6432315e-02
6.7063177e+02 -6.6764115e-01 -3.0346314e-01 -9.9160586e-02 -5.9398371e-02
6.8698089e+02 -6.9848904e-01 -3.1879074e-01 -1.0421468e-01 -6.2433032e-02
7.0325967e+02 -7.2967986e-01 -3.3445040e-01 -1.0938153e-01 -6.5535888e-02
7.1946823e+02 -7.6117989e-01 -3.5043957e-01 -1.1466046e-01 -6.8706541e-02
7.3560670e+02 -7.9295440e-01 -3.6675577e-01 -1.2005078e-01 -7.1944602e-02
7.5167519e+02 -8.2496765e-01 -3.8339658e-01 -1.2555185e-01 -7.5249696e-02
7.6767381e+02 -8.5718287e-01 -4.0035963e-01 -1.3116302e-01 -7.8621458e-02
7.8360265e+02 -8.8956234e-01 -4.1764257e-01 -1.3688367e-01 -8.2059530e-02
7.9946184e+02 -9.2206731e-01 -4.3524312e-01 -1.4271320e-01 -8.5563569e-02
8.1525145e+02 -9.5465810e-01 -4.5315904e-01 -1.4865103e-01 -8.9133239e-02
8.3097161e+02 -9.8729403e-01 -4.7138813e-01 -1.5469658e-01 -9.2768213e-02
8.4662240e+02 -1.0199335e+00 -4.8992823e-01 -1.6084929e-01 -9.6468174e-02
8.6220392e+02 -1.0525340e+00 -5.0877721e-01 -1.6710863e-01 -1.0023282e-01
8.7771627e+02 -1.0850519e+00 -5.2793298e-01 -1.7347407e-01 -1.0406184e-01
8.9315955e+02 -1.1174428e+00 -5.4739348e-01 -1.7994510e-01 -1.0795495e-01
9.0853384e+02 -1.1496614e+00 -5.6715668e-01 -1.8652122e-01 -1.1191187e-01
9.2383927e+02 -1.1816612e+00 -5.8722058e-01 -1.9320196e-01 -1.1593233e-01
9.3907591e+02 -1.2133951e+00 -6.0758322e-01 -1.9998683e-01 -1.2001605e-01
9.5424387e+02 -1.2448147e+00 -6.2824264e-01 -2.0687539e-01 -1.2416278e-01
9.6934325e+02 -1.2758708e+00 -6.4919694e-01 -2.1386719e-01 -1.2837227e-01
9.8437416e+02 -1.3065132e+00 -6.7044419e-01 -2.2096179e-01 -1.3264428e-01
9.9933671e+02 -1.3366905e+00 -6.9198253e-01 -2.2815877e-01 -1.3697856e-01
1.0142310e+03 -1.3663505e+00 -7.1381009e-01 -2.3545773e-01 -1.4137489e-01
1.0290571e+03 -1.3954397e+00 -7.3592503e-01 -2.4285827e-01 -1.4583305e-01
1.0438152e+03 -1.4239037e+00 -7.5832551e-01 -2.5036000e-01 -1.5035282e-01
1.0585054e+03 -1.4516866e+00 -7.8100972e-01 -2.5796254e-01 -1.5493398e-01
1.0731277e+03 -1.4787317e+00 -8.0397585e-01 -2.6566553e-01 -1.5957634e-01
1.0876824e+03 -1.5049807e+00 -8.2722211e-01 -2.7346860e-01 -1.6427970e-01
1.1021695e+03 -1.5303742e+00 -8.5074669e-01 -2.8137142e-01 -1.6904386e-01
1.1165891e+03 -1.5548513e+00 -8.7454783e-01 -2.8937365e-01 -1.7386864e-01
1.1309414e+03 -1.5783498e+00 -8.9862374e-01 -2.9747495e-01 -1.7875386e-01
1.1452266e+03 -1.6008058e+00 -9.2297264e-01 -3.0567501e-01 -1.8369934e-01
1.1594446e+03 -1.6221541e+00 -9.4759278e-01 -3.1397351e-01 -1.8870492e-01
1.1735958e+03 -1.6423276e+00 -9.7248236e-01 -3.2237016e-01 -1.9377042e-01
1.1876801e+03 -1.6612575e+00 -9.9763962e-01 -3.3086465e-01 -1.9889569e-01
1.2016978e+03 -1.6788733e+00 -1.0230628e+00 -3.3945671e-01 -2.0408058e-01
1.2156490e+03 -1.6951025e+00 -1.0487501e+00 -3.4814605e-01 -2.0932493e-01
1.2295338e+03 -1.7098705e+00 -1.0746997e+00 -3.5693241e-01 -2.1462859e-01
1.2433524e+03 -1.7231009e+00 -1.1009098e+00 -3.6581551e-01 -2.1999143e-01
1.2571049e+03 -1.7347146e+00 -1.1273787e+00 -3.7479510e-01 -2.2541331e-01
1.2707915e+03 -1.7446305e+00 -1.1541044e+00 -3.8387092e-01 -2.3089410e-01
1.2844123e+03 -1.7527649e+00 -1.1810853e+00 -3.9304274e-01 -2.3643366e-01
1.2979675e+03 -1.7590315e+00 -1.2083194e+00 -4.0231032e-01 -2.4203188e-01
1.3114572e+03 -1.7633414e+00 -1.2358049e+00 -4.1167342e-01 -2.4768863e-01
1.3248816e+03 -1.7656028e+00 -1.2635399e+00 -4.2113182e-01 -2.5340380e-01
1.3382409e+03 -1.7657207e+00 -1.2915225e+00 -4.3068529e-01 -2.5917727e-01
1.3515352e+03 -1.7635971e+00 -1.3197508e+00 -4.4033363e-01 -2.6500893e-01
1.3647647e+03 -1.7591306e+00 -1.3482229e+00 -4.5007661e-01 -2.7089867e-01
1.3779295e+03 -1.7522165e+00 -1.3769369e+00 -4.5991405e-01 -2.7684640e-01
1.3910298e+03 -1.7427462e+00 -1.4058907e+00 -4.6984573e-01 -2.8285201e-01
1.4040658e+03 -1.7306073e+00 -1.4350823e+00 -4.7987146e-01 -2.8891541e-01
1.4170377e+03 -1.7156834e+00 -1.4645098e+00 -4.8999105e-01 -2.9503650e-01
1.4299456e+03 -1.6978540e+00 -1.4941711e+00 -5.0020432e-01 -3.0121520e-01
1.4427897e+03 -1.6769938e+00 -1.5240640e+00 -5.1051108e-01 -3.0745140e-01
1.4555702e+03 -1.6529732e+00 -1.5541866e+00 -5.2091116e-01 -3.1374503e-01
1.4682872e+03 -1.6256574e+00 -1.5845366e+00 -5.3140438e-01 -3.2009601e-01
1.4809410e+03 -1.5949066e+00 -1.6151118e+00 -5.4199057e-01 -3.2650426e-01
1.4935317e+03 -1.5605758e+00 -1.6459101e+00 -5.5266956e-01 -3.3296969e-01
1.5060595e+03 -1.5225139e+00 -1.6769291e+00 -5.6344119e-01 -3.3949223e-01
1.5185245e+03 -1.4805643e+00 -1.7081667e+00 -5.7430530e-01 -3.4607181e-01
1.5309270e+03 -1.4345641e+00 -1.7396204e+00 -5.8526173e-01 -3.5270836e-01
1.5432671e+03 -1.3843437e+00 -1.7712879e+00 -5.9631034e-01 -3.5940181e-01
1.5555451e+03 -1.3297270e+00 -1.8031668e+00 -6.0745095e-01 -3.6615209e-01
1.5677611e+03 -1.2705305e+00 -1.8352546e+00 -6.1868344e-01 -3.7295914e-01
1.5799153e+03 -1.2065634e+00 -1.8675489e+00 -6.3000764e-01 -3.7982290e-01
1.5920078e+03 -1.1376271e+00 -1.9000470e+00 -6.4142342e-01 -3.8674329e-01
1.6040389e+03 -1.0635146e+00 -1.9327464e+00 -6.5293064e-01 -3.9372028e-01
1.6160088e+03 -9.8401052e-01 -1.9656444e+00 -6.6452915e-01 -4.0075378e-01
1.6279177e+03 -8.9889050e-01 -1.9987382e+00 -6.7621882e-01 -4.0784376e-01
1.6397657e+03 -8.0792075e-01 -2.0320253e+00 -6.8799950e-01 -4.1499015e-01
1.6515530e+03 -7.1085765e-01 -2.0655026e+00 -6.9987107e-01 -4.2219291e-01
1.6632798e+03 -6.0744731e-01 -2.0991673e+00 -7.1183339e-01 -4.2945197e-01
1.6749464e+03 -4.9742509e-01 -2.1330166e+00 -7.2388633e-01 -4.3676730e-01
1.6865529e+03 -3.8051509e-01 -2.1670473e+00 -7.3602976e-01 -4.4413883e-01
1.6980994e+03 -2.5642965e-01 -2.2012564e+00 -7.4826356e-01 -4.5156653e-01
1.7095863e+03 -1.2486881e-01 -2.2356407e+00 -7.6058758e-01 -4.5905033e-01
1.7210136e+03 1.4480262e-02 -2.2701971e+00 -7.7300170e-01 -4.6659021e-01
1.7323817e+03 1.6194386e-01 -2.3049222e+00 -7.8550580e-01 -4.7418611e-01
1.7436906e+03 3.1786233e-01 -2.3398126e+00 -7.9809976e-01 -4.8183799e-01
1.7549406e+03 4.8259072e-01 -2.3748650e+00 -8.1078343e-01 -4.8954581e-01
1.7661318e+03 6.5649944e-01 -2.4100757e+00 -8.2355671e-01 -4.9730951e-01
1.7772645e+03 8.3997496e-01 -2.4454412e+00 -8.3641946e-01 -5.0512907e-01
1.7883389e+03 1.0334205e+00 -2.4809578e+00 -8.4937156e-01 -5.1300444e-01
1.7993551e+03 1.2372568e+00 -2.5166216e+00 -8.6241289e-01 -5.2093557e-01
1.8103134e+03 1.4519230e+00 -2.5524287e+00 -8.7554331e-01 -5.2892243e-01
1.8212139e+03 1.6778771e+00 -2.5883752e+00 -8.8876271e-01 -5.3696498e-01
1.8320568e+03 1.9155973e+00 -2.6244570e+00 -9.0207096e-01 -5.4506318e-01
1.8428424e+03 2.1655825e+00 -2.6606698e+00 -9.1546794e-01 -5.5321700e-01
1.8535708e+03 2.4283534e+00 -2.6970094e+00 -9.2895351e-01 -5.6142638e-01
1.8642423e+03 2.7044533e+00 -2.7334712e+00 -9.4252756e-01 -5.6969129e-01
1.8748569e+03 2.9944491e+00 -2.7700509e+00 -9.5618995e-01 -5.7801171e-01
1.8854150e+03 3.2989325e+00 -2.8067436e+00 -9.6994055e-01 -5.8638758e-01
1.8959167e+03 3.6185210e+00 -2.8435446e+00 -9.8377924e-01 -5.9481887e-01
1.9063622e+03 3.9538587e+00 -2.8804489e+00 -9.9770589e-01 -6.0330554e-01
1.9167517e+03 4.3056177e+00 -2.9174516e+00 -1.0117204e+00 -6.1184756e-01
1.9270854e+03 4.6744993e+00 -2.9545473e+00 -1.0258225e+00 -6.2044488e-01
1.9373635e+03 5.0612351e+00 -2.9917307e+00 -1.0400123e+00 -6.2909747e-01
1.9475861e+03 5.4665882e+00 -3.0289964e+00 -1.0542894e+00 -6.3780530e-01
1.9577536e+03 5.8913547e+00 -3.0663385e+00 -1.0686539e+00 -6.4656832e-01
1.9678660e+03 6.3363648e+00 -3.1037513e+00 -1.0831055e+00 -6.5538649e-01
1.9779237e+03 6.8024844e+00 -3.1412288e+00 -1.0976441e+00 -6.6425978e-01
1.9879266e+03 7.2906161e+00 -3.1787647e+00 -1.1122696e+00 -6.7318815e-01
1.9978752e+03 7.8017013e+00 -3.2163527e+00 -1.1269818e+00 -6.8217156e-01
2.0077695e+03 8.3367211e+00 -3.2539862e+00 -1.1417805e+00 -6.9120997e-01
2.0176097e+03 8.8966981e+00 -3.2916585e+00 -1.1566658e+00 -7.0030334e-01
2.0273961e+03 9.4826981e+00 -3.3293624e+00 -1.1716373e+00 -7.0945163e-01
2.0371288e+03 1.0095831e+01 -3.3670910e+00 -1.1866949e+00 -7.1865480e-01
2.0468081e+03 1.0737254e+01 -3.4048366e+00 -1.2018385e+00 -7.2791281e-01
2.0564340e+03 1.1408171e+01 -3.4425917e+00 -1.2170680e+00 -7.3722561e-01
2.0660069e+03 1.2109837e+01 -3.4803483e+00 -1.2323831e+00 -7.4659317e-01
2.0755269e+03 1.2843557e+01 -3.5180983e+00 -1.2477837e+00 -7.5601544e-01
2.0849941e+03 1.3610689e+01 -3.5558332e+00 -1.2632697e+00 -7.6549237e-01
2.0944089e+03 1.4412648e+01 -3.5935443e+00 -1.2788408e+00 -7.7502392e-01
2.1037713e+03 1.5250904e+01 -3.6312227e+00 -1.2944970e+00 -7.8461006e-01
2.1130816e+03 1.6126985e+01 -3.6688590e+00 -1.3102379e+00 -7.9425072e-01
2.1223399e+03 1.7042481e+01 -3.7064437e+00 -1.3260636e+00 -8.0394586e-01
2.1315465e+03 1.7999042e+01 -3.7439667e+00 -1.3419737e+00 -8.1369544e-01
2.1407015e+03 1.8998384e+01 -3.7814179e+00 -1.3579681e+00 -8.2349941e-01
2.1498052e+03 2.0042287e+01 -3.8187867e+00 -1.3740466e+00 -8.3335771e-01
2.1588576e+03 2.1132599e+01 -3.8560620e+00 -1.3902090e+00 -8.4327030e-01
2.1678590e+03 2.2271238e+01 -3.8932324e+00 -1.4064552e+00 -8.5323712e-01
2.1768097e+03 2.3460190e+01 -3.9302863e+00 -1.4227849e+00 -8.6325813e-01
2.1857097e+03 2.4701517e+01 -3.9672113e+00 -1.4391980e+00 -8.7333326e-01
2.1945592e+03 2.5997351e+01 -4.0039950e+00 -1.4556942e+00 -8.8346246e-01
2.2033585e+03 2.7349902e+01 -4.0406243e+00 -1.4722733e+00 -8.9364568e-01
2.2121077e+03 2.8761454e+01 -4.0770856e+00 -1.4889352e+00 -9.0388286e-01
2.2208070e+03 3.0234372e+01 -4.1133649e+00 -1.5056796e+00 -9.1417394e-01
2.2294566e+03 3.1771097e+01 -4.1494476e+00 -1.5225062e+00 -9.2451885e-01
2.2380567e+03 3.3374150e+01 -4.1853187e+00 -1.5394149e+00 -9.3491755e-01
2.2466075e+03 3.5046132e+01 -4.2209626e+00 -1.5564055e+00 -9.4536997e-01
2.2551091e+03 3.6789727e+01 -4.2563630e+00 -1.5734777e+00 -9.5587603e-01
2.2635617e+03 3.8607698e+01 -4.2915032e+00 -1.5906313e+00 -9.6643569e-01
2.2719656e+03 4.0502888e+01 -4.3263657e+00 -1.6078660e+00 -9.7704886e-01
2.2803208e+03 4.2478222e+01 -4.3609323e+00 -1.6251816e+00 -9.8771549e-01
2.2886276e+03 4.4536706e+01 -4.3951844e+00 -1.6425779e+00 -9.9843550e-01
2.2968862e+03 4.6681424e+01 -4.4291023e+00 -1.6600546e+00 -1.0092088e+00
2.3050967e+03 4.8915536e+01 -4.4626658e+00 -1.6776114e+00 -1.0200354e+00
2.3132593e+03 5.1242281e+01 -4.4958538e+00 -1.6952481e+00 -1.0309151e+00
2.3213742e+03 5.3664969e+01 -4.5286445e+00 -1.7129644e+00 -1.0418479e+00
2.3294416e+03 5.6186984e+01 -4.5610151e+00 -1.7307600e+00 -1.0528338e+00
2.3374616e+03 5.8811775e+01 -4.5929419e+00 -1.7486347e+00 -1.0638725e+00
2.3454344e+03 6.1542857e+01 -4.6244004e+00 -1.7665883e+00 -1.0749641e+00
2.3533603e+03 6.4383805e+01 -4.6553651e+00 -1.7846203e+00 -1.0861085e+00
2.3612393e+03 6.7338247e+01 -4.6858093e+00 -1.8027305e+00 -1.0973056e+00
2.3690717e+03 7.0409864e+01 -4.7157054e+00 -1.8209186e+00 -1.1085553e+00
2.3768576e+03 7.3602377e+01 -4.7450246e+00 -1.8391844e+00 -1.1198575e+00
2.3845972e+03 7.6919546e+01 -4.7737371e+00 -1.8575274e+00 -1.1312121e+00
2.3922907e+03 8.0365160e+01 -4.8018115e+00 -1.8759474e+00 -1.1426190e+00
2.3999382e+03 8.3943027e+01 -4.8292155e+00 -1.8944441e+00 -1.1540782e+00
2.4075400e+03 8.7656970e+01 -4.8559152e+00 -1.9130172e+00 -1.1655895e+00
2.4150961e+03 9.1510811e+01 -4.8818755e+00 -1.9316662e+00 -1.1771529e+00
2.4226069e+03 9.5508366e+01 -4.9070598e+00 -1.9503909e+00 -1.1887683e+00
2.4300723e+03 9.9653433e+01 -4.9314297e+00 -1.9691910e+00 -1.2004354e+00
2.4374927e+03 1.0394978e+02 -4.9549456e+00 -1.9880660e+00 -1.2121544e+00
2.4448682e+03 1.0840112e+02 -4.9775658e+00 -2.0070157e+00 -1.2239249e+00
2.4521989e+03 1.1301113e+02 -4.9992473e+00 -2.0260396e+00 -1.2357470e+00
2.4594850e+03 1.1778340e+02 -5.0199448e+00 -2.0451375e+00 -1.2476205e+00
2.4667268e+03 1.2272144e+02 -5.0396115e+00 -2.0643089e+00 -1.2595454e+00
2.4739243e+03 1.2782868e+02 -5.0581981e+00 -2.0835534e+00 -1.2715214e+00
2.4810777e+03 1.3310840e+02 -5.0756536e+00 -2.1028706e+00 -1.2835485e+00
2.4881872e+03 1.3856379e+02 -5.0919247e+00 -2.1222603e+00 -1.2956266e+00
2.4952529e+03 1.4419787e+02 -5.1069556e+00 -2.1417219e+00 -1.3077556e+00
2.5022751e+03 1.5001352e+02 -5.1206882e+00 -2.1612551e+00 -1.3199353e+00
2.5092539e+03 1.5601343e+02 -5.1330619e+00 -2.1808594e+00 -1.3321655e+00
2.5161895e+03 1.6220011e+02 -5.1440134e+00 -2.2005344e+00 -1.3444463e+00
2.5230819e+03 1.6857587e+02 -5.1534765e+00 -2.2202798e+00 -1.3567774e+00
2.5299315e+03 1.7514280e+02 -5.1613822e+00 -2.2400950e+00 -1.3691587e+00
2.5367382e+03 1.8190276e+02 -5.1676585e+00 -2.2599796e+00 -1.3815901e+00
2.5435024e+03 1.8885737e+02 -5.1722301e+00 -2.2799332e+00 -1.3940714e+00
2.5502242e+03 1.9600799e+02 -5.1750182e+00 -2.2999553e+00 -1.4066026e+00
2.5569037e+03 2.0335572e+02 -5.1759408e+00 -2.3200455e+00 -1.4191834e+00
2.5635411e+03 2.1090139e+02 -5.1749120e+00 -2.3402032e+00 -1.4318138e+00
2.5701366e+03 2.1864555e+02 -5.1718420e+00 -2.3604281e+00 -1.4444935e+00
2.5766902e+03 2.2658845e+02 -5.1666371e+00 -2.3807195e+00 -1.4572225e+00
2.5832023e+03 2.3473008e+02 -5.1591992e+00 -2.4010771e+00 -1.4700006e+00
2.5896729e+03 2.4307011e+02 -5.1494260e+00 -2.4215003e+00 -1.4828276e+00
2.5961021e+03 2.5160791e+02 -5.1372102e+00 -2.4419886e+00 -1.4957033e+00
2.6024902e+03 2.6034258e+02 -5.1224399e+00 -2.4625415e+00 -1.5086277e+00
2.6088373e+03 2.6927289e+02 -5.1049981e+00 -2.4831584e+00 -1.5216005e+00
2.6151436e+03 2.7839736e+02 -5.0847621e+00 -2.5038389e+00 -1.5346217e+00
2.6214092e+03 2.8771420e+02 -5.0616039e+00 -2.5245823e+00 -1.5476909e+00
2.6276343e+03 2.9722136e+02 -5.0353896e+00 -2.5453882e+00 -1.5608082e+00
2.6338190e+03 3.0691649e+02 -5.0059789e+00 -2.5662559e+00 -1.5739732e+00
2.6399635e+03 3.1679701e+02 -4.9732253e+00 -2.5871850e+00 -1.5871858e+00
2.6460679e+03 3.2686008e+02 -4.9369754e+00 -2.6081747e+00 -1.6004459e+00
2.6521324e+03 3.3710261e+02 -4.8970686e+00 -2.6292246e+00 -1.6137532e+00
2.6581572e+03 3.4752132e+02 -4.8533371e+00 -2.6503341e+00 -1.6271076e+00
2.6641423e+03 3.5811267e+02 -4.8056051e+00 -2.6715024e+00 -1.6405089e+00
2.6700880e+03 3.6887297e+02 -4.7536887e+00 -2.6927291e+00 -1.6539569e+00
2.6759944e+03 3.7979832e+02 -4.6973954e+00 -2.7140135e+00 -1.6674514e+00
2.6818616e+03 3.9088465e+02 -4.6365238e+00 -2.7353549e+00 -1.6809922e+00
2.6876899e+03 4.0212777e+02 -4.5708629e+00 -2.7567528e+00 -1.6945791e+00
2.6934793e+03 4.1352333e+02 -4.5001923e+00 -2.7782064e+00 -1.7082120e+00
2.6992299e+03 4.2506686e+02 -4.4242807e+00 -2.7997152e+00 -1.7218906e+00
2.7049421e+03 4.3675380e+02 -4.3428864e+00 -2.8212783e+00 -1.7356147e+00
2.7106158e+03 4.4857950e+02 -4.2557562e+00 -2.8428953e+00 -1.7493841e+00
2.7162512e+03 4.6053922e+02 -4.1626250e+00 -2.8645653e+00 -1.7631986e+00
2.7218486e+03 4.7262819e+02 -4.0632155e+00 -2.8862876e+00 -1.7770580e+00
2.7274080e+03 4.8484157e+02 -3.9572372e+00 -2.9080617e+00 -1.7909620e+00
2.7329295e+03 4.9717451e+02 -3.8443858e+00 -2.9298866e+00 -1.8049105e+00
2.7384134e+03 5.0962213e+02 -3.7243432e+00 -2.9517618e+00 -1.8189032e+00
2.7438597e+03 5.2217955e+02 -3.5967758e+00 -2.9736864e+00 -1.8329399e+00
2.7492687e+03 5.3484189e+02 -3.4613348e+00 -2.9956597e+00 -1.8470204e+00
2.7546404e+03 5.4760431e+02 -3.3176548e+00 -3.0176810e+00 -1.8611443e+00
2.7599750e+03 5.6046196e+02 -3.1653533e+00 -3.0397494e+00 -1.8753116e+00
2.7652727e+03 5.7341007e+02 -3.0040297e+00 -3.0618643e+00 -1.8895219e+00
2.7705335e+03 5.8644388e+02 -2.8332650e+00 -3.0840247e+00 -1.9037751e+00
2.7757576e+03 5.9955871e+02 -2.6526201e+00 -3.1062299e+00 -1.9180707e+00
2.7809453e+03 6.1274993e+02 -2.4616357e+00 -3.1284790e+00 -1.9324087e+00
2.7860965e+03 6.2601298e+02 -2.2598309e+00 -3.1507713e+00 -1.9467888e+00
2.7912114e+03 6.3934338e+02 -2.0467021e+00 -3.1731059e+00 -1.9612106e+00
2.7962903e+03 6.5273671e+02 -1.8217225e+00 -3.1954819e+00 -1.9756740e+00
2.8013332e+03 6.6618865e+02 -1.5843406e+00 -3.2178985e+00 -1.9901787e+00
2.8063402e+03 6.7969498e+02 -1.3339792e+00 -3.2403547e+00 -2.0047243e+00
2.8113115e+03 6.9325154e+02 -1.0700343e+00 -3.2628498e+00 -2.0193107e+00
2.8162473e+03 7.0685430e+02 -7.9187401e-01 -3.2853827e+00 -2.0339376e+00
2.8211476e+03 7.2049929e+02 -4.9883689e-01 -3.3079526e+00 -2.0486046e+00
2.8260127e+03 7.3418268e+02 -1.9023116e-01 -3.3305586e+00 -2.0633115e+00
2.8308425e+03 7.4790070e+02 1.3466692e-01 -3.3531997e+00 -2.0780580e+00
2.8356374e+03 7.6164970e+02 4.7661436e-01 -3.3758749e+00 -2.0928439e+00
2.8403974e+03 7.7542614e+02 8.3640287e-01 -3.3985833e+00 -2.1076688e+00
2.8451226e+03 7.8922656e+02 1.2148604e+00 -3.4213240e+00 -2.1225324e+00
2.8498132e+03 8.0304763e+02 1.6128525e+00 -3.4440958e+00 -2.1374344e+00
2.8544693e+03 8.1688610e+02 2.0312841e+00 -3.4668978e+00 -2.1523746e+00
2.8590911e+03 8.3073884e+02 2.4711012e+00 -3.4897290e+00 -2.1673525e+00
2.8636786e+03 8.4460279e+02 2.9332921e+00 -3.5125884e+00 -2.1823680e+00
2.8682320e+03 8.5847502e+02 3.4188897e+00 -3.5354748e+00 -2.1974206e+00
2.8727515e+03 8.7235269e+02 3.9289730e+00 -3.5583872e+00 -2.2125101e+00
2.8772372e+03 8.8623305e+02 4.4646688e+00 -3.5813246e+00 -2.2276361e+00
2.8816891e+03 9.0011346e+02 5.0271539e+00 -3.6042858e+00 -2.2427982e+00
2.8861075e+03 9.1399135e+02 5.6176565e+00 -3.6272698e+00 -2.2579963e+00
2.8904924e+03 9.2786426e+02 6.2374587e+00 -3.6502753e+00 -2.2732298e+00
2.8948441e+03 9.4172983e+02 6.8878984e+00 -3.6733013e+00 -2.2884986e+00
2.8991625e+03 9.5558575e+02 7.5703707e+00 -3.6963465e+00 -2.3038021e+00
2.9034479e+03 9.6942984e+02 8.2863308e+00 -3.7194099e+00 -2.3191401e+00
2.9077003e+03 9.8325999e+02 9.0372956e+00 -3.7424902e+00 -2.3345121e+00
2.9119199e+03 9.9707415e+02 9.8248459e+00 -3.7655861e+00 -2.3499179e+00
2.9161069e+03 1.0108704e+03 1.0650628e+01 -3.7886966e+00 -2.3653571e+00
2.9202613e+03 1.0246468e+03 1.1516357e+01 -3.8118202e+00 -2.3808292e+00
2.9243832e+03 1.0384016e+03 1.2423818e+01 -3.8349558e+00 -2.3963339e+00
2.9284729e+03 1.0521331e+03 1.3374869e+01 -3.8581020e+00 -2.4118709e+00
2.9325304e+03 1.0658396e+03 1.4371439e+01 -3.8812576e+00 -2.4274396e+00
2.9365558e+03 1.0795195e+03 1.5415539e+01 -3.9044212e+00 -2.4430397e+00
2.9405493e+03 1.0931713e+03 1.6509253e+01 -3.9275915e+00 -2.4586708e+00
2.9445109e+03 1.1067936e+03 1.7654749e+01 -3.9507671e+00 -2.4743324e+00
2.9484409e+03 1.1203850e+03 1.8854274e+01 -3.9739466e+00 -2.4900243e+00
2.9523393e+03 1.1339441e+03 2.0110161e+01 -3.9971285e+00 -2.5057458e+00
2.9562063e+03 1.1474696e+03 2.1424829e+01 -4.0203116e+00 -2.5214966e+00
2.9600419e+03 1.1609605e+03 2.2800781e+01 -4.0434942e+00 -2.5372762e+00
2.9638463e+03 1.1744154e+03 2.4240611e+01 -4.0666749e+00 -2.5530842e+00
2.9676196e+03 1.1878333e+03 2.5747001e+01 -4.0898523e+00 -2.5689201e+00
2.9713620e+03 1.2012132e+03 2.7322724e+01 -4.1130247e+00 -2.5847835e+00
2.9750735e+03 1.2145540e+03 2.8970643e+01 -4.1361906e+00 -2.6006738e+00
2.9787542e+03 1.2278548e+03 3.0693714e+01 -4.1593484e+00 -2.6165905e+00
2.9824044e+03 1.2411146e+03 3.2494983e+01 -4.1824965e+00 -2.6325332e+00
2.9860240e+03 1.2543327e+03 3.4377588e+01 -4.2056333e+00 -2.6485014e+00
2.9896133e+03 1.2675081e+03 3.6344759e+01 -4.2287570e+00 -2.6644944e+00
2.9931723e+03 1.2806402e+03 3.8399814e+01 -4.2518660e+00 -2.6805119e+00
2.9967011e+03 1.2937280e+03 4.0546161e+01 -4.2749586e+00 -2.6965532e+00
3.0001999e+03 1.3067711e+03 4.2787292e+01 -4.2980329e+00 -2.7126177e+00
3.0036688e+03 1.3197686e+03 4.5126787e+01 -4.3210871e+00 -2.7287050e+00
3.0071079e+03 1.3327200e+03 4.7568305e+01 -4.3441196e+00 -2.7448144e+00
3.0105173e+03 1.3456246e+03 5.0115583e+01 -4.3671282e+00 -2.7609453e+00
3.0138971e+03 1.3584819e+03 5.2772431e+01 -4.3901113e+00 -2.7770972e+00
3.0172474e+03 1.3712913e+03 5.5542728e+01 -4.4130667e+00 -2.7932693e+00
3.0205684e+03 1.3840523e+03 5.8430418e+01 -4.4359926e+00 -2.8094611e+00
3.0238601e+03 1.3967646e+03 6.1439499e+01 -4.4588869e+00 -2.8256719e+00
3.0271228e+03 1.4094275e+03 6.4574019e+01 -4.4817476e+00 -2.8419011e+00
3.0303564e+03 1.4220407e+03 6.7838071e+01 -4.5045726e+00 -2.8581480e+00
3.0335611e+03 1.4346038e+03 7.1235777e+01 -4.5273598e+00 -2.8744118e+00
3.0367369e+03 1.4471164e+03 7.4771286e+01 -4.5501070e+00 -2.8906920e+00
3.0398842e+03 1.4595782e+03 7.8448757e+01 -4.5728121e+00 -2.9069878e+00
3.0430028e+03 1.4719888e+03 8.2272353e+01 -4.5954727e+00 -2.9232984e+00
3.0460929e+03 1.4843479e+03 8.6246226e+01 -4.6180867e+00 -2.9396232e+00
3.0491547e+03 1.4966553e+03 9.0374505e+01 -4.6406517e+00 -2.9559615e+00
3.0521883e+03 1.5089107e+03 9.4661281e+01 -4.6631655e+00 -2.9723124e+00
3.0551937e+03 1.5211138e+03 9.9110596e+01 -4.6856257e+00 -2.9886754e+00
3.0581710e+03 1.5332644e+03 1.0372642e+02 -4.7080298e+00 -3.0050496e+00
3.0611204e+03 1.5453623e+03 1.0851265e+02 -4.7303756e+00 -3.0214343e+00
3.0640420e+03 1.5574073e+03 1.1347308e+02 -4.7526605e+00 -3.0378289e+00
3.0669359e+03 1.5693992e+03 1.1861137e+02 -4.7748822e+00 -3.0542325e+00
3.0698021e+03 1.5813379e+03 1.2393108e+02 -4.7970381e+00 -3.0706446e+00
3.0726409e+03 1.5932232e+03 1.2943559e+02 -4.8191258e+00 -3.0870645e+00
3.0754522e+03 1.6050550e+03 1.3512813e+02 -4.8411428e+00 -3.1034914e+00
3.0782362e+03 1.6168332e+03 1.4101174e+02 -4.8630865e+00 -3.1199247e+00
3.0809929e+03 1.6285576e+03 1.4708925e+02 -4.8849545e+00 -3.1363639e+00
3.0837226e+03 1.6402282e+03 1.5336329e+02 -4.9067442e+00 -3.1528083e+00
3.0864253e+03 1.6518449e+03 1.5983621e+02 -4.9284531e+00 -3.1692573e+00
3.0891010e+03 1.6634077e+03 1.6651017e+02 -4.9500784e+00 -3.1857105e+00
3.0917499e+03 1.6749164e+03 1.7338701e+02 -4.9716178e+00 -3.2021673e+00
3.0943721e+03 1.6863710e+03 1.8046833e+02 -4.9930685e+00 -3.2186271e+00
3.0969677e+03 1.6977715e+03 1.8775541e+02 -5.0144280e+00 -3.2350897e+00
3.0995367e+03 1.7091178e+03 1.9524925e+02 -5.0356935e+00 -3.2515544e+00
3.1020793e+03 1.7204100e+03 2.0295051e+02 -5.0568623e+00 -3.2680210e+00
3.1045956e+03 1.7316480e+03 2.1085957e+02 -5.0779319e+00 -3.2844890e+00
3.1070856e+03 1.7428319e+03 2.1897646e+02 -5.0988994e+00 -3.3009582e+00
3.1095494e+03 1.7539616e+03 2.2730089e+02 -5.1197620e+00 -3.3174281e+00
3.1119872e+03 1.7650371e+03 2.3583224e+02 -5.1405169e+00 -3.3338987e+00
3.1143990e+03 1.7760586e+03 2.4456955e+02 -5.1611612e+00 -3.3503695e+00
3.1167850e+03 1.7870259e+03 2.5351156e+02 -5.1816919e+00 -3.3668403e+00
3.1191451e+03 1.7979392e+03 2.6265666e+02 -5.2021062e+00 -3.3833110e+00
3.1214795e+03 1.8087984e+03 2.7200294e+02 -5.2224009e+00 -3.3997815e+00
3.1237883e+03 1.8196037e+03 2.8154819e+02 -5.2425729e+00 -3.4162514e+00
3.1260716e+03 1.8303551e+03 2.9128986e+02 -5.2626190e+00 -3.4327208e+00
3.1283295e+03 1.8410527e+03 3.0122517e+02 -5.2825359e+00 -3.4491896e+00
3.1305620e+03 1.8516964e+03 3.1135102e+02 -5.3023202e+00 -3.4656576e+00
3.1327692e+03 1.8622865e+03 3.2166408e+02 -5.3219685e+00 -3.4821249e+00
3.1349512e+03 1.8728229e+03 3.3216076e+02 -5.3414771e+00 -3.4985913e+00
3.1371082e+03 1.8833058e+03 3.4283723e+02 -5.3608424e+00 -3.5150569e+00
3.1392401e+03 1.8937352e+03 3.5368946e+02 -5.3800605e+00 -3.5315218e+00
3.1413471e+03 1.9041112e+03 3.6471324e+02 -5.3991275e+00 -3.5479859e+00
3.1434292e+03 1.9144339e+03 3.7590416e+02 -5.4180394e+00 -3.5644492e+00
3.1454866e+03 1.9247035e+03 3.8725766e+02 -5.4367919e+00 -3.5809120e+00
3.1475193e+03 1.9349199e+03 3.9876904e+02 -5.4553805e+00 -3.5973742e+00
3.1495274e+03 1.9450834e+03 4.1043346e+02 -5.4738009e+00 -3.6138359e+00
3.1515110e+03 1.9551940e+03 4.2224601e+02 -5.4920481e+00 -3.6302974e+00
3.1534702e+03 1.9652519e+03 4.3420165e+02 -5.5101174e+00 -3.6467586e+00
3.1554049e+03 1.9752571e+03 4.4629531e+02 -5.5280036e+00 -3.6632198e+00
3.1573155e+03 1.9852098e+03 4.5852184e+02 -5.5457015e+00 -3.6796812e+00
3.1592018e+03 1.9951101e+03 4.7087605e+02 -5.5632054e+00 -3.6961429e+00
3.1610640e+03 2.0049580e+03 4.8335274e+02 -5.5805096e+00 -3.7126050e+00
3.1629021e+03 2.0147539e+03 4.9594671e+02 -5.5976080e+00 -3.7290679e+00
3.1647163e+03 2.0244976e+03 5.0865273e+02 -5.6144945e+00 -3.7455318e+00
3.1665066e+03 2.0341895e+03 5.2146562e+02 -5.6311625e+00 -3.7619968e+00
3.1682731e+03 2.0438296e+03 5.3438021e+02 -5.6476051e+00 -3.7784632e+00
3.1700159e+03 2.0534180e+03 5.4739138e+02 -5.6638152e+00 -3.7949312e+00
3.1717350e+03 2.0629550e+03 5.6049406e+02 -5.6797854e+00 -3.8114012e+00
3.1734306e+03 2.0724405e+03 5.7368323e+02 -5.6955077e+00 -3.8278734e+00
3.1751026e+03 2.0818748e+03 5.8695396e+02 -5.7109742e+00 -3.8443481e+00
3.1767512e+03 2.0912581e+03 6.0030136e+02 -5.7261763e+00 -3.8608255e+00
3.1783765e+03 2.1005903e+03 6.1372064e+02 -5.7411049e+00 -3.8773060e+00
3.1799785e+03 2.1098718e+03 6.2720712e+02 -5.7557509e+00 -3.8937899e+00
3.1815573e+03 2.1191026e+03 6.4075617e+02 -5.7701045e+00 -3.9102775e+00
3.1831129e+03 2.1282828e+03 6.5436330e+02 -5.7841553e+00 -3.9267691e+00
3.1846455e+03 2.1374127e+03 6.6802408e+02 -5.7978928e+00 -3.9432651e+00
3.1861551e+03 2.1464924e+03 6.8173421e+02 -5.8113056e+00 -3.9597658e+00
3.1876418e+03 2.1555219e+03 6.9548950e+02 -5.8243821e+00 -3.9762716e+00
3.1891056e+03 2.1645016e+03 7.0928585e+02 -5.8371099e+00 -3.9927828e+00
3.1905467e+03 2.1734314e+03 7.2311930e+02 -5.8494762e+00 -4.0092997e+00
3.1919650e+03 2.1823116e+03 7.3698596e+02 -5.8614673e+00 -4.0258228e+00
3.1933608e+03 2.1911424e+03 7.5088209e+02 -5.8730692e+00 -4.0423524e+00
3.1947339e+03 2.1999238e+03 7.6480404e+02 -5.8842669e+00 -4.0588890e+00
3.1960846e+03 2.2086560e+03 7.7874829e+02 -5.8950450e+00 -4.0754328e+00
3.1974128e+03 2.2173392e+03 7.9271142e+02 -5.9053870e+00 -4.0919843e+00
3.1987187e+03 2.2259735e+03 8.0669011e+02 -5.9152758e+00 -4.1085440e+00
3.2000023e+03 2.2345592e+03 8.2068118e+02 -5.9246936e+00 -4.1251121e+00
3.2012637e+03 2.2430962e+03 8.3468153e+02 -5.9336213e+00 -4.1416891e+00
3.2025029e+03 2.2515849e+03 8.4868819e+02 -5.9420393e+00 -4.1582754e+00
3.2037201e+03 2.2600253e+03 8.6269828e+02 -5.9499269e+00 -4.1748715e+00
3.2049152e+03 2.2684176e+03 8.7670902e+02 -5.9572622e+00 -4.1914778e+00
3.2060883e+03 2.2767619e+03 8.9071776e+02 -5.9640225e+00 -4.2080946e+00
3.2072396e+03 2.2850585e+03 9.0472191e+02 -5.9701837e+00 -4.2247225e+00
3.2083690e+03 2.2933075e+03 9.1871901e+02 -5.9757209e+00 -4.2413618e+00
3.2094767e+03 2.3015090e+03 9.3270668e+02 -5.9806075e+00 -4.2580131e+00
3.2105626e+03 2.3096632e+03 9.4668264e+02 -5.9848160e+00 -4.2746767e+00
3.2116269e+03 2.3177702e+03 9.6064469e+02 -5.9883173e+00 -4.2913531e+00
3.2126697e+03 2.3258303e+03 9.7459073e+02 -5.9910809e+00 -4.3080428e+00
3.2136909e+03 2.3338435e+03 9.8851874e+02 -5.9930748e+00 -4.3247462e+00
3.2146907e+03 2.3418100e+03 1.0024268e+03 -5.9942654e+00 -4.3414638e+00
3.2156690e+03 2.3497300e+03 1.0163130e+03 -5.9946174e+00 -4.3581960e+00
3.2166261e+03 2.3576036e+03 1.0301756e+03 -5.9940940e+00 -4.3749433e+00
3.2175619e+03 2.3654310e+03 1.0440130e+03 -5.9926561e+00 -4.3917062e+00
3.2184764e+03 2.3732124e+03 1.0578234e+03 -5.9902630e+00 -4.4084851e+00
