-4.9176506e+01 -1.4696240e-01 1.4079240e+00 1.4446001e+00 1.3115148e+00
-4.9543341e+01 -1.4325569e-01 1.4243752e+00 1.4602173e+00 1.3256285e+00
-4.9847314e+01 -1.3975118e-01 1.4411173e+00 1.4761394e+00 1.3400167e+00
-5.0087447e+01 -1.3643610e-01 1.4579699e+00 1.4921864e+00 1.3545170e+00
-5.0264606e+01 -1.3330639e-01 1.4748752e+00 1.5083016e+00 1.3690784e+00
-5.0382761e+01 -1.3036106e-01 1.4918157e+00 1.5244692e+00 1.3836871e+00
-5.0448435e+01 -1.2760038e-01 1.5087911e+00 1.5406902e+00 1.3983442e+00
-5.0469453e+01 -1.2502509e-01 1.5258078e+00 1.5569728e+00 1.4130574e+00
-5.0453776e+01 -1.2263605e-01 1.5428755e+00 1.5733276e+00 1.4278368e+00
-5.0408746e+01 -1.2043408e-01 1.5600042e+00 1.5897659e+00 1.4426926e+00
-5.0340716e+01 -1.1841988e-01 1.5772034e+00 1.6062982e+00 1.4576346e+00
-5.0254954e+01 -1.1659398e-01 1.5944818e+00 1.6229338e+00 1.4726715e+00
-5.0155707e+01 -1.1495675e-01 1.6118467e+00 1.6396810e+00 1.4878107e+00
-5.0046322e+01 -1.1350841e-01 1.6293041e+00 1.6565461e+00 1.5030584e+00
-4.9929404e+01 -1.1224906e-01 1.6468589e+00 1.6735347e+00 1.5184195e+00
-4.9806951e+01 -1.1117872e-01 1.6645149e+00 1.6906507e+00 1.5338979e+00
-4.9680481e+01 -1.1029730e-01 1.6822749e+00 1.7078974e+00 1.5494964e+00
-4.9551139e+01 -1.0960468e-01 1.7001408e+00 1.7252768e+00 1.5652170e+00
-4.9419777e+01 -1.0910074e-01 1.7181138e+00 1.7427902e+00 1.5810610e+00
-4.9287026e+01 -1.0878534e-01 1.7361945e+00 1.7604385e+00 1.5970292e+00
-4.9153345e+01 -1.0865837e-01 1.7543829e+00 1.7782216e+00 1.6131216e+00
-4.9019064e+01 -1.0871979e-01 1.7726787e+00 1.7961394e+00 1.6293381e+00
-4.8884416e+01 -1.0896960e-01 1.7910813e+00 1.8141912e+00 1.6456781e+00
-4.8749560e+01 -1.0940790e-01 1.8095897e+00 1.8323760e+00 1.6621409e+00
-4.8614600e+01 -1.1003485e-01 1.8282027e+00 1.8506927e+00 1.6787253e+00
-4.8479600e+01 -1.1085073e-01 1.8469190e+00 1.8691400e+00 1.6954302e+00
-4.8344594e+01 -1.1185590e-01 1.8657373e+00 1.8877164e+00 1.7122544e+00
-4.8209595e+01 -1.1305084e-01 1.8846560e+00 1.9064205e+00 1.7291964e+00
-4.8074601e+01 -1.1443612e-01 1.9036735e+00 1.9252506e+00 1.7462550e+00
-4.7939599e+01 -1.1601239e-01 1.9227883e+00 1.9442051e+00 1.7634286e+00
-4.7804572e+01 -1.1778040e-01 1.9419988e+00 1.9632826e+00 1.7807159e+00
-4.7669494e+01 -1.1974100e-01 1.9613034e+00 1.9824813e+00 1.7981154e+00
-4.7534342e+01 -1.2189510e-01 1.9807005e+00 2.0017998e+00 1.8156258e+00
-4.7399088e+01 -1.2424368e-01 2.0001886e+00 2.0212365e+00 1.8332456e+00
-4.7263709e+01 -1.2678779e-01 2.0197662e+00 2.0407900e+00 1.8509736e+00
-4.7128178e+01 -1.2952854e-01 2.0394318e+00 2.0604588e+00 1.8688085e+00
-4.6992474e+01 -1.3246710e-01 2.0591839e+00 2.0802415e+00 1.8867491e+00
-4.6856575e+01 -1.3560466e-01 2.0790211e+00 2.1001368e+00 1.9047941e+00
-4.6720462e+01 -1.3894249e-01 2.0989421e+00 2.1201435e+00 1.9229425e+00
-4.6584120e+01 -1.4248188e-01 2.1189456e+00 2.1402604e+00 1.9411932e+00
-4.6447533e+01 -1.4622416e-01 2.1390303e+00 2.1604862e+00 1.9595451e+00
-4.6310690e+01 -1.5017070e-01 2.1591950e+00 2.1808199e+00 1.9779973e+00
-4.6173580e+01 -1.5432290e-01 2.1794385e+00 2.2012605e+00 1.9965488e+00
-4.6036196e+01 -1.5868220e-01 2.1997596e+00 2.2218069e+00 2.0151988e+00
-4.5898531e+01 -1.6325007e-01 2.2201573e+00 2.2424582e+00 2.0339465e+00
-4.5760582e+01 -1.6802804e-01 2.2406303e+00 2.2632135e+00 2.0527909e+00
-4.5622345e+01 -1.7301765e-01 2.2611778e+00 2.2840719e+00 2.0717315e+00
-4.5483820e+01 -1.7822049e-01 2.2817987e+00 2.3050327e+00 2.0907674e+00
-4.5345007e+01 -1.8363822e-01 2.3024920e+00 2.3260950e+00 2.1098980e+00
-4.5205908e+01 -1.8927251e-01 2.3232567e+00 2.3472582e+00 2.1291227e+00
-4.5066525e+01 -1.9512511e-01 2.3440918e+00 2.3685215e+00 2.1484408e+00
-4.4926862e+01 -2.0119782e-01 2.3649966e+00 2.3898842e+00 2.1678518e+00
-4.4786924e+01 -2.0749250e-01 2.3859700e+00 2.4113458e+00 2.1873552e+00
-4.4646716e+01 -2.1401107e-01 2.4070112e+00 2.4329056e+00 2.2069504e+00
-4.4506245e+01 -2.2075552e-01 2.4281193e+00 2.4545631e+00 2.2266369e+00
-4.4365516e+01 -2.2772792e-01 2.4492934e+00 2.4763176e+00 2.2464142e+00
-4.4224537e+01 -2.3493041e-01 2.4705328e+00 2.4981688e+00 2.2662821e+00
-4.4083316e+01 -2.4236524e-01 2.4918366e+00 2.5201160e+00 2.2862399e+00
-4.3941861e+01 -2.5003470e-01 2.5132039e+00 2.5421588e+00 2.3062872e+00
-4.3800179e+01 -2.5794122e-01 2.5346340e+00 2.5642967e+00 2.3264238e+00
-4.3658281e+01 -2.6608730e-01 2.5561260e+00 2.5865293e+00 2.3466493e+00
-4.3516173e+01 -2.7447556e-01 2.5776792e+00 2.6088561e+00 2.3669632e+00
-4.3373864e+01 -2.8310871e-01 2.5992927e+00 2.6312767e+00 2.3873652e+00
-4.3231365e+01 -2.9198959e-01 2.6209657e+00 2.6537908e+00 2.4078551e+00
-4.3088682e+01 -3.0112114e-01 2.6426974e+00 2.6763979e+00 2.4284324e+00
-4.2945826e+01 -3.1050644e-01 2.6644870e+00 2.6990976e+00 2.4490970e+00
-4.2802805e+01 -3.2014870e-01 2.6863338e+00 2.7218897e+00 2.4698484e+00
-4.2659627e+01 -3.3005124e-01 2.7082369e+00 2.7447736e+00 2.4906864e+00
-4.2516301e+01 -3.4021753e-01 2.7301955e+00 2.7677490e+00 2.5116108e+00
-4.2372836e+01 -3.5065119e-01 2.7522088e+00 2.7908157e+00 2.5326212e+00
-4.2229239e+01 -3.6135599e-01 2.7742760e+00 2.8139733e+00 2.5537174e+00
-4.2085520e+01 -3.7233584e-01 2.7963963e+00 2.8372214e+00 2.5748992e+00
-4.1941685e+01 -3.8359481e-01 2.8185689e+00 2.8605597e+00 2.5961662e+00
-4.1797743e+01 -3.9513716e-01 2.8407928e+00 2.8839879e+00 2.6175183e+00
-4.1653701e+01 -4.0696729e-01 2.8630674e+00 2.9075057e+00 2.6389552e+00
-4.1509566e+01 -4.1908980e-01 2.8853917e+00 2.9311128e+00 2.6604766e+00
-4.1365346e+01 -4.3150946e-01 2.9077650e+00 2.9548088e+00 2.6820825e+00
-4.1221047e+01 -4.4423124e-01 2.9301863e+00 2.9785935e+00 2.7037724e+00
-4.1076677e+01 -4.5726030e-01 2.9526548e+00 3.0024665e+00 2.7255462e+00
-4.0932241e+01 -4.7060202e-01 2.9751696e+00 3.0264276e+00 2.7474037e+00
-4.0787746e+01 -4.8426196e-01 2.9977298e+00 3.0504764e+00 2.7693446e+00
-4.0643197e+01 -4.9824594e-01 3.0203346e+00 3.0746126e+00 2.7913688e+00
-4.0498601e+01 -5.1255997e-01 3.0429831e+00 3.0988361e+00 2.8134760e+00
-4.0353963e+01 -5.2721033e-01 3.0656743e+00 3.1231464e+00 2.8356660e+00
-4.0209288e+01 -5.4220351e-01 3.0884073e+00 3.1475432e+00 2.8579386e+00
-4.0064581e+01 -5.5754629e-01 3.1111812e+00 3.1720264e+00 2.8802936e+00
-3.9919847e+01 -5.7324569e-01 3.1339951e+00 3.1965955e+00 2.9027308e+00
-3.9775091e+01 -5.8930900e-01 3.1568480e+00 3.2212504e+00 2.9252500e+00
-3.9630317e+01 -6.0574382e-01 3.1797390e+00 3.2459907e+00 2.9478510e+00
-3.9485529e+01 -6.2255801e-01 3.2026671e+00 3.2708160e+00 2.9705335e+00
-3.9340732e+01 -6.3975978e-01 3.2256313e+00 3.2957263e+00 2.9932975e+00
-3.9195928e+01 -6.5735762e-01 3.2486306e+00 3.3207210e+00 3.0161426e+00
-3.9051122e+01 -6.7536038e-01 3.2716640e+00 3.3458001e+00 3.0390687e+00
-3.8906317e+01 -6.9377724e-01 3.2947306e+00 3.3709631e+00 3.0620756e+00
-3.8761515e+01 -7.1261774e-01 3.3178292e+00 3.3962097e+00 3.0851631e+00
-3.8616721e+01 -7.3189180e-01 3.3409589e+00 3.4215398e+00 3.1083310e+00
-3.8471937e+01 -7.5160972e-01 3.3641186e+00 3.4469529e+00 3.1315790e+00
-3.8327165e+01 -7.7178223e-01 3.3873073e+00 3.4724489e+00 3.1549071e+00
-3.8182408e+01 -7.9242045e-01 3.4105238e+00 3.4980274e+00 3.1783149e+00
-3.8037668e+01 -8.1353596e-01 3.4337671e+00 3.5236880e+00 3.2018023e+00
-3.7892947e+01 -8.3514080e-01 3.4570361e+00 3.5494306e+00 3.2253691e+00
-3.7748248e+01 -8.5724747e-01 3.4803297e+00 3.5752549e+00 3.2490152e+00
-3.7603573e+01 -8.7986898e-01 3.5036467e+00 3.6011604e+00 3.2727402e+00
-3.7458922e+01 -9.0301886e-01 3.5269861e+00 3.6271470e+00 3.2965440e+00
-3.7314297e+01 -9.2671118e-01 3.5503466e+00 3.6532143e+00 3.3204265e+00
-3.7169701e+01 -9.5096057e-01 3.5737272e+00 3.6793621e+00 3.3443873e+00
-3.7025134e+01 -9.7578224e-01 3.5971267e+00 3.7055900e+00 3.3684263e+00
-3.6880597e+01 -1.0011920e+00 3.6205438e+00 3.7318977e+00 3.3925434e+00
-3.6736092e+01 -1.0272064e+00 3.6439773e+00 3.7582849e+00 3.4167383e+00
-3.6591619e+01 -1.0538425e+00 3.6674261e+00 3.7847513e+00 3.4410107e+00
-3.6447179e+01 -1.0811181e+00 3.6908889e+00 3.8112967e+00 3.4653606e+00
-3.6302774e+01 -1.1090517e+00 3.7143645e+00 3.8379206e+00 3.4897877e+00
-3.6158403e+01 -1.1376628e+00 3.7378517e+00 3.8646229e+00 3.5142918e+00
-3.6014067e+01 -1.1669713e+00 3.7613490e+00 3.8914031e+00 3.5388727e+00
-3.5869767e+01 -1.1969981e+00 3.7848554e+00 3.9182610e+00 3.5635302e+00
-3.5725503e+01 -1.2277650e+00 3.8083694e+00 3.9451962e+00 3.5882641e+00
-3.5581276e+01 -1.2592946e+00 3.8318898e+00 3.9722085e+00 3.6130742e+00
-3.5437085e+01 -1.2916105e+00 3.8554152e+00 3.9992975e+00 3.6379603e+00
-3.5292931e+01 -1.3247370e+00 3.8789442e+00 4.0264629e+00 3.6629221e+00
-3.5148813e+01 -1.3586998e+00 3.9024756e+00 4.0537044e+00 3.6879596e+00
-3.5004732e+01 -1.3935253e+00 3.9260080e+00 4.0810216e+00 3.7130724e+00
-3.4860688e+01 -1.4292411e+00 3.9495399e+00 4.1084142e+00 3.7382604e+00
-3.4716680e+01 -1.4658759e+00 3.9730699e+00 4.1358820e+00 3.7635233e+00
-3.4572708e+01 -1.5034596e+00 3.9965967e+00 4.1634245e+00 3.7888609e+00
-3.4428773e+01 -1.5420233e+00 4.0201187e+00 4.1910414e+00 3.8142731e+00
-3.4284873e+01 -1.5815991e+00 4.0436346e+00 4.2187325e+00 3.8397597e+00
-3.4141008e+01 -1.6222208e+00 4.0671428e+00 4.2464973e+00 3.8653203e+00
-3.3997178e+01 -1.6639232e+00 4.0906419e+00 4.2743355e+00 3.8909548e+00
-3.3853383e+01 -1.7067426e+00 4.1141304e+00 4.3022469e+00 3.9166630e+00
-3.3709622e+01 -1.7507168e+00 4.1376066e+00 4.3302310e+00 3.9424447e+00
-3.3565894e+01 -1.7958849e+00 4.1610692e+00 4.3582875e+00 3.9682996e+00
-3.3422198e+01 -1.8422877e+00 4.1845165e+00 4.3864160e+00 3.9942275e+00
-3.3278535e+01 -1.8899675e+00 4.2079469e+00 4.4146163e+00 4.0202283e+00
-3.3134904e+01 -1.9389682e+00 4.2313589e+00 4.4428880e+00 4.0463017e+00
-3.2991303e+01 -1.9893353e+00 4.2547508e+00 4.4712306e+00 4.0724474e+00
-3.2847732e+01 -2.0411162e+00 4.2781210e+00 4.4996440e+00 4.0986653e+00
-3.2704190e+01 -2.0943599e+00 4.3014678e+00 4.5281276e+00 4.1249551e+00
-3.2560677e+01 -2.1491172e+00 4.3247896e+00 4.5566812e+00 4.1513166e+00
-3.2417191e+01 -2.2054409e+00 4.3480846e+00 4.5853043e+00 4.1777496e+00
-3.2273733e+01 -2.2633856e+00 4.3713512e+00 4.6139967e+00 4.2042539e+00
-3.2130300e+01 -2.3230078e+00 4.3945875e+00 4.6427579e+00 4.2308291e+00
-3.1986892e+01 -2.3843659e+00 4.4177919e+00 4.6715876e+00 4.2574752e+00
-3.1843509e+01 -2.4475205e+00 4.4409625e+00 4.7004855e+00 4.2841918e+00
-3.1700148e+01 -2.5125342e+00 4.4640976e+00 4.7294511e+00 4.3109788e+00
-3.1556810e+01 -2.5794714e+00 4.4871953e+00 4.7584840e+00 4.3378359e+00
-3.1413493e+01 -2.6483989e+00 4.5102537e+00 4.7875840e+00 4.3647628e+00
-3.1270197e+01 -2.7193854e+00 4.5332710e+00 4.8167506e+00 4.3917594e+00
-3.1126920e+01 -2.7925018e+00 4.5562452e+00 4.8459834e+00 4.4188253e+00
-3.0983661e+01 -2.8678211e+00 4.5791745e+00 4.8752821e+00 4.4459605e+00
-3.0840420e+01 -2.9454184e+00 4.6020569e+00 4.9046462e+00 4.4731645e+00
-3.0697195e+01 -3.0253709e+00 4.6248904e+00 4.9340754e+00 4.5004372e+00
-3.0553985e+01 -3.1077579e+00 4.6476729e+00 4.9635693e+00 4.5277784e+00
-3.0410790e+01 -3.1926605e+00 4.6704025e+00 4.9931275e+00 4.5551877e+00
-3.0267607e+01 -3.2801622e+00 4.6930771e+00 5.0227495e+00 4.5826650e+00
-3.0124437e+01 -3.3703481e+00 4.7156945e+00 5.0524351e+00 4.6102100e+00
-2.9981278e+01 -3.4633052e+00 4.7382527e+00 5.0821837e+00 4.6378225e+00
-2.9838128e+01 -3.5591225e+00 4.7607495e+00 5.1119951e+00 4.6655022e+00
-2.9694988e+01 -3.6578903e+00 4.7831827e+00 5.1418687e+00 4.6932488e+00
-2.9551855e+01 -3.7597009e+00 4.8055501e+00 5.1718042e+00 4.7210621e+00
-2.9408729e+01 -3.8646475e+00 4.8278494e+00 5.2018012e+00 4.7489419e+00
-2.9265609e+01 -3.9728248e+00 4.8500783e+00 5.2318592e+00 4.7768878e+00
-2.9122493e+01 -4.0843286e+00 4.8722344e+00 5.2619779e+00 4.8048997e+00
-2.8979381e+01 -4.1992555e+00 4.8943155e+00 5.2921567e+00 4.8329773e+00
-2.8836271e+01 -4.3177026e+00 4.9163192e+00 5.3223954e+00 4.8611203e+00
-2.8693162e+01 -4.4397673e+00 4.9382428e+00 5.3526934e+00 4.8893285e+00
-2.8550053e+01 -4.5655474e+00 4.9600840e+00 5.3830504e+00 4.9176015e+00
-2.8406943e+01 -4.6951399e+00 4.9818403e+00 5.4134658e+00 4.9459393e+00
-2.8263832e+01 -4.8286417e+00 5.0035090e+00 5.4439394e+00 4.9743413e+00
-2.8120717e+01 -4.9661484e+00 5.0250875e+00 5.4744706e+00 5.0028075e+00
-2.7977597e+01 -5.1077543e+00 5.0465732e+00 5.5050590e+00 5.0313375e+00
-2.7834472e+01 -5.2535517e+00 5.0679633e+00 5.5357041e+00 5.0599311e+00
-2.7691341e+01 -5.4036308e+00 5.0892550e+00 5.5664056e+00 5.0885880e+00
-2.7548202e+01 -5.5580788e+00 5.1104456e+00 5.5971630e+00 5.1173079e+00
-2.7405055e+01 -5.7169796e+00 5.1315320e+00 5.6279758e+00 5.1460906e+00
-2.7261898e+01 -5.8804129e+00 5.1525115e+00 5.6588435e+00 5.1749357e+00
-2.7118729e+01 -6.0484541e+00 5.1733809e+00 5.6897658e+00 5.2038430e+00
-2.6975549e+01 -6.2211730e+00 5.1941373e+00 5.7207422e+00 5.2328123e+00
-2.6832356e+01 -6.3986339e+00 5.2147775e+00 5.7517722e+00 5.2618431e+00
-2.6689149e+01 -6.5808942e+00 5.2352982e+00 5.7828553e+00 5.2909354e+00
-2.6545926e+01 -6.7680039e+00 5.2556962e+00 5.8139912e+00 5.3200887e+00
-2.6402687e+01 -6.9600050e+00 5.2759682e+00 5.8451792e+00 5.3493028e+00
-2.6259431e+01 -7.1569308e+00 5.2961107e+00 5.8764190e+00 5.3785774e+00
-2.6116156e+01 -7.3588045e+00 5.3161203e+00 5.9077101e+00 5.4079122e+00
-2.5972862e+01 -7.5656392e+00 5.3359933e+00 5.9390520e+00 5.4373070e+00
-2.5829547e+01 -7.7774367e+00 5.3557261e+00 5.9704442e+00 5.4667614e+00
-2.5686211e+01 -7.9941866e+00 5.3753149e+00 6.0018863e+00 5.4962751e+00
-2.5542852e+01 -8.2158658e+00 5.3947558e+00 6.0333777e+00 5.5258479e+00
-2.5399469e+01 -8.4424376e+00 5.4140449e+00 6.0649181e+00 5.5554794e+00
-2.5256062e+01 -8.6738510e+00 5.4331781e+00 6.0965068e+00 5.5851694e+00
-2.5112628e+01 -8.9100401e+00 5.4521513e+00 6.1281435e+00 5.6149175e+00
-2.4969168e+01 -9.1509233e+00 5.4709601e+00 6.1598275e+00 5.6447235e+00
-2.4825680e+01 -9.3964027e+00 5.4896001e+00 6.1915585e+00 5.6745871e+00
-2.4682164e+01 -9.6463638e+00 5.5080669e+00 6.2233359e+00 5.7045079e+00
-2.4538617e+01 -9.9006749e+00 5.5263557e+00 6.2551593e+00 5.7344857e+00
-2.4395039e+01 -1.0159187e+01 5.5444618e+00 6.2870281e+00 5.7645201e+00
-2.4251429e+01 -1.0421732e+01 5.5623801e+00 6.3189417e+00 5.7946108e+00
-2.4107787e+01 -1.0688127e+01 5.5801057e+00 6.3508998e+00 5.8247576e+00
-2.3964110e+01 -1.0958167e+01 5.5976333e+00 6.3829018e+00 5.8549601e+00
-2.3820399e+01 -1.1231633e+01 5.6149573e+00 6.4149472e+00 5.8852180e+00
-2.3676651e+01 -1.1508286e+01 5.6320724e+00 6.4470355e+00 5.9155310e+00
-2.3532867e+01 -1.1787869e+01 5.6489727e+00 6.4791661e+00 5.9458988e+00
-2.3389045e+01 -1.2070112e+01 5.6656522e+00 6.5113386e+00 5.9763211e+00
-2.3245184e+01 -1.2354726e+01 5.6821048e+00 6.5435524e+00 6.0067975e+00
-2.3101282e+01 -1.2641406e+01 5.6983241e+00 6.5758070e+00 6.0373277e+00
-2.2957341e+01 -1.2929835e+01 5.7143036e+00 6.6081019e+00 6.0679114e+00
-2.2813357e+01 -1.3219680e+01 5.7300365e+00 6.6404364e+00 6.0985484e+00
-2.2669330e+01 -1.3510599e+01 5.7455157e+00 6.6728102e+00 6.1292382e+00
-2.2525260e+01 -1.3802236e+01 5.7607340e+00 6.7052227e+00 6.1599805e+00
-2.2381144e+01 -1.4094228e+01 5.7756837e+00 6.7376733e+00 6.1907751e+00
-2.2236984e+01 -1.4386203e+01 5.7903571e+00 6.7701616e+00 6.2216215e+00
-2.2092776e+01 -1.4677783e+01 5.8047460e+00 6.8026869e+00 6.2525196e+00
-2.1948521e+01 -1.4968584e+01 5.8188420e+00 6.8352487e+00 6.2834688e+00
-2.1804217e+01 -1.5258222e+01 5.8326365e+00 6.8678465e+00 6.3144690e+00
-2.1659863e+01 -1.5546311e+01 5.8461203e+00 6.9004797e+00 6.3455198e+00
-2.1515460e+01 -1.5832463e+01 5.8592840e+00 6.9331478e+00 6.3766208e+00
-2.1371004e+01 -1.6116297e+01 5.8721179e+00 6.9658502e+00 6.4077718e+00
-2.1226496e+01 -1.6397433e+01 5.8846117e+00 6.9985865e+00 6.4389723e+00
-2.1081935e+01 -1.6675498e+01 5.8967550e+00 7.0313559e+00 6.4702221e+00
-2.0937319e+01 -1.6950128e+01 5.9085368e+00 7.0641581e+00 6.5015208e+00
-2.0792648e+01 -1.7220967e+01 5.9199456e+00 7.0969924e+00 6.5328681e+00
-2.0647921e+01 -1.7487671e+01 5.9309696e+00 7.1298582e+00 6.5642637e+00
-2.0503136e+01 -1.7749907e+01 5.9415965e+00 7.1627551e+00 6.5957071e+00
-2.0358293e+01 -1.8007357e+01 5.9518133e+00 7.1956824e+00 6.6271982e+00
-2.0213391e+01 -1.8259718e+01 5.9616067e+00 7.2286395e+00 6.6587365e+00
-2.0068428e+01 -1.8506702e+01 5.9709628e+00 7.2616261e+00 6.6903217e+00
-1.9923404e+01 -1.8748039e+01 5.9798669e+00 7.2946413e+00 6.7219535e+00
-1.9778318e+01 -1.8983475e+01 5.9883041e+00 7.3276848e+00 6.7536316e+00
-1.9633169e+01 -1.9212778e+01 5.9962585e+00 7.3607560e+00 6.7853556e+00
-1.9487955e+01 -1.9435730e+01 6.0037136e+00 7.3938542e+00 6.8171251e+00
-1.9342675e+01 -1.9652136e+01 6.0106525e+00 7.4269789e+00 6.8489399e+00
-1.9197329e+01 -1.9861818e+01 6.0170572e+00 7.4601296e+00 6.8807996e+00
-1.9051915e+01 -2.0064620e+01 6.0229091e+00 7.4933056e+00 6.9127039e+00
-1.8906433e+01 -2.0260404e+01 6.0281888e+00 7.5265065e+00 6.9446524e+00
-1.8760880e+01 -2.0449050e+01 6.0328761e+00 7.5597316e+00 6.9766449e+00
-1.8615257e+01 -2.0630460e+01 6.0369499e+00 7.5929805e+00 7.0086810e+00
-1.8469561e+01 -2.0804551e+01 6.0403880e+00 7.6262524e+00 7.0407604e+00
-1.8323791e+01 -2.0971262e+01 6.0431677e+00 7.6595470e+00 7.0728827e+00
-1.8177947e+01 -2.1130547e+01 6.0452648e+00 7.6928636e+00 7.1050477e+00
-1.8032027e+01 -2.1282377e+01 6.0466545e+00 7.7262017e+00 7.1372550e+00
-1.7886029e+01 -2.1426740e+01 6.0473107e+00 7.7595607e+00 7.1695044e+00
-1.7739952e+01 -2.1563640e+01 6.0472061e+00 7.7929400e+00 7.2017955e+00
-1.7593795e+01 -2.1693094e+01 6.0463124e+00 7.8263392e+00 7.2341280e+00
-1.7447555e+01 -2.1815135e+01 6.0446000e+00 7.8597578e+00 7.2665017e+00
-1.7301233e+01 -2.1929806e+01 6.0420380e+00 7.8931950e+00 7.2989162e+00
-1.7154825e+01 -2.2037165e+01 6.0385944e+00 7.9266505e+00 7.3313713e+00
-1.7008330e+01 -2.2137279e+01 6.0342354e+00 7.9601238e+00 7.3638667e+00
-1.6861746e+01 -2.2230228e+01 6.0289261e+00 7.9936142e+00 7.3964021e+00
-1.6715072e+01 -2.2316099e+01 6.0226300e+00 8.0271213e+00 7.4289773e+00
-1.6568305e+01 -2.2394988e+01 6.0153091e+00 8.0606446e+00 7.4615921e+00
-1.6421444e+01 -2.2467000e+01 6.0069238e+00 8.0941837e+00 7.4942462e+00
-1.6274485e+01 -2.2532246e+01 5.9974327e+00 8.1277379e+00 7.5269394e+00
-1.6127428e+01 -2.2590843e+01 5.9867928e+00 8.1613070e+00 7.5596716e+00
-1.5980268e+01 -2.2642915e+01 5.9749593e+00 8.1948903e+00 7.5924424e+00
-1.5833004e+01 -2.2688588e+01 5.9618855e+00 8.2284875e+00 7.6252518e+00
-1.5685632e+01 -2.2727994e+01 5.9475229e+00 8.2620982e+00 7.6580995e+00
-1.5538150e+01 -2.2761268e+01 5.9318208e+00 8.2957219e+00 7.6909855e+00
-1.5390555e+01 -2.2788547e+01 5.9147268e+00 8.3293583e+00 7.7239097e+00
-1.5242842e+01 -2.2809971e+01 5.8961861e+00 8.3630069e+00 7.7568719e+00
-1.5095009e+01 -2.2825680e+01 5.8761419e+00 8.3966675e+00 7.7898721e+00
-1.4947052e+01 -2.2835816e+01 5.8545350e+00 8.4303397e+00 7.8229103e+00
-1.4798965e+01 -2.2840522e+01 5.8313043e+00 8.4640233e+00 7.8559864e+00
-1.4650746e+01 -2.2839941e+01 5.8063859e+00 8.4977179e+00 7.8891005e+00
-1.4502389e+01 -2.2834214e+01 5.7797138e+00 8.5314233e+00 7.9222527e+00
-1.4353889e+01 -2.2823483e+01 5.7512195e+00 8.5651393e+00 7.9554430e+00
-1.4205241e+01 -2.2807887e+01 5.7208319e+00 8.5988657e+00 7.9886715e+00
-1.4056439e+01 -2.2787567e+01 5.6884776e+00 8.6326025e+00 8.0219386e+00
-1.3907476e+01 -2.2762659e+01 5.6540804e+00 8.6663495e+00 8.0552443e+00
-1.3758345e+01 -2.2733298e+01 5.6175616e+00 8.7001067e+00 8.0885891e+00
-1.3609041e+01 -2.2699618e+01 5.5788399e+00 8.7338740e+00 8.1219731e+00
-1.3459554e+01 -2.2661749e+01 5.5378312e+00 8.7676516e+00 8.1553969e+00
-1.3309877e+01 -2.2619819e+01 5.4944488e+00 8.8014395e+00 8.1888609e+00
-1.3160000e+01 -2.2573953e+01 5.4486034e+00 8.8352379e+00 8.2223656e+00
-1.3009914e+01 -2.2524274e+01 5.4002031e+00 8.8690471e+00 8.2559117e+00
-1.2859610e+01 -2.2470900e+01 5.3491531e+00 8.9028673e+00 8.2894997e+00
-1.2709075e+01 -2.2413950e+01 5.2953564e+00 8.9366990e+00 8.3231305e+00
-1.2558299e+01 -2.2353534e+01 5.2387130e+00 8.9705425e+00 8.3568049e+00
-1.2407268e+01 -2.2289763e+01 5.1791208e+00 9.0043984e+00 8.3905239e+00
-1.2255970e+01 -2.2222744e+01 5.1164751e+00 9.0382672e+00 8.4242885e+00
-1.2104390e+01 -2.2152579e+01 5.0506689e+00 9.0721498e+00 8.4580999e+00
-1.1952514e+01 -2.2079367e+01 4.9815931e+00 9.1060469e+00 8.4919592e+00
-1.1800324e+01 -2.2003206e+01 4.9091365e+00 9.1399594e+00 8.5258678e+00
-1.1647804e+01 -2.1924186e+01 4.8331861e+00 9.1738882e+00 8.5598273e+00
-1.1494935e+01 -2.1842398e+01 4.7536273e+00 9.2078344e+00 8.5938392e+00
-1.1341699e+01 -2.1757926e+01 4.6703437e+00 9.2417993e+00 8.6279051e+00
-1.1188076e+01 -2.1670853e+01 4.5832182e+00 9.2757841e+00 8.6620270e+00
-1.1034043e+01 -2.1581258e+01 4.4921324e+00 9.3097902e+00 8.6962067e+00
-1.0879580e+01 -2.1489216e+01 4.3969674e+00 9.3438190e+00 8.7304462e+00
-1.0724663e+01 -2.1394798e+01 4.2976040e+00 9.3778722e+00 8.7647478e+00
-1.0569268e+01 -2.1298074e+01 4.1939232e+00 9.4119513e+00 8.7991136e+00
-1.0413371e+01 -2.1199109e+01 4.0858064e+00 9.4460581e+00 8.8335459e+00
-1.0256946e+01 -2.1097966e+01 3.9731360e+00 9.4801943e+00 8.8680470e+00
-1.0099970e+01 -2.0994704e+01 3.8557957e+00 9.5143616e+00 8.9026194e+00
-9.9424159e+00 -2.0889381e+01 3.7336713e+00 9.5485618e+00 8.9372654e+00
-9.7842606e+00 -2.0782052e+01 3.6066507e+00 9.5827965e+00 8.9719871e+00
-9.6254801e+00 -2.0672768e+01 3.4746252e+00 9.6170672e+00 9.0067869e+00
-9.4660529e+00 -2.0561581e+01 3.3374893e+00 9.6513755e+00 9.0416667e+00
-9.3059593e+00 -2.0448539e+01 3.1951421e+00 9.6857223e+00 9.0766280e+00
-9.1451834e+00 -2.0333691e+01 3.0474870e+00 9.7201084e+00 9.1116723e+00
-8.9837133e+00 -2.0217084e+01 2.8944332e+00 9.7545342e+00 9.1468002e+00
-8.8215426e+00 -2.0098766e+01 2.7358959e+00 9.7889995e+00 9.1820120e+00
-8.6586717e+00 -1.9978783e+01 2.5717969e+00 9.8235032e+00 9.2173069e+00
-8.4951094e+00 -1.9857187e+01 2.4020654e+00 9.8580436e+00 9.2526833e+00
-8.3308742e+00 -1.9734027e+01 2.2266388e+00 9.8926177e+00 9.2881384e+00
-8.1659965e+00 -1.9609358e+01 2.0454629e+00 9.9272217e+00 9.3236682e+00
-8.0005198e+00 -1.9483238e+01 1.8584931e+00 9.9618500e+00 9.3592667e+00
-7.8345027e+00 -1.9355730e+01 1.6656946e+00 9.9964957e+00 9.3949267e+00
-7.6680204e+00 -1.9226900e+01 1.4670436e+00 1.0031150e+01 9.4306386e+00
-7.5011659e+00 -1.9096822e+01 1.2625274e+00 1.0065803e+01 9.4663910e+00
-7.3340511e+00 -1.8965577e+01 1.0521458e+00 1.0100441e+01 9.5021701e+00
-7.1668067e+00 -1.8833251e+01 8.3591155e-01 1.0135051e+01 9.5379602e+00
-6.9995826e+00 -1.8699938e+01 6.1385122e-01 1.0169616e+01 9.5737429e+00
-6.8325462e+00 -1.8565739e+01 3.8600644e-01 1.0204117e+01 9.6094981e+00
-6.6658812e+00 -1.8430759e+01 1.5243481e-01 1.0238536e+01 9.6452038e+00
-6.4997844e+00 -1.8295112e+01 -8.6788988e-02 1.0272851e+01 9.6808361e+00
-6.3344631e+00 -1.8158914e+01 -3.3157201e-01 1.0307040e+01 9.7163704e+00
-6.1701305e+00 -1.8022282e+01 -5.8180188e-01 1.0341080e+01 9.7517808e+00
-6.0070017e+00 -1.7885338e+01 -8.3734562e-01 1.0374949e+01 9.7870417e+00
-5.8452894e+00 -1.7748201e+01 -1.0980487e+00 1.0408622e+01 9.8221275e+00
-5.6851993e+00 -1.7610988e+01 -1.3637340e+00 1.0442080e+01 9.8570133e+00
-5.5269259e+00 -1.7473813e+01 -1.6342011e+00 1.0475301e+01 9.8916758e+00
-5.3706493e+00 -1.7336783e+01 -1.9092262e+00 1.0508266e+01 9.9260931e+00
-5.2165321e+00 -1.7199999e+01 -2.1885612e+00 1.0540957e+01 9.9602455e+00
-5.0647172e+00 -1.7063557e+01 -2.4719346e+00 1.0573360e+01 9.9941154e+00
-4.9153264e+00 -1.6927540e+01 -2.7590511e+00 1.0605462e+01 1.0027688e+01
-4.7684601e+00 -1.6792027e+01 -3.0495933e+00 1.0637251e+01 1.0060951e+01
-4.6241970e+00 -1.6657086e+01 -3.3432218e+00 1.0668719e+01 1.0093893e+01
-4.4825952e+00 -1.6522777e+01 -3.6395771e+00 1.0699860e+01 1.0126509e+01
-4.3436928e+00 -1.6389152e+01 -3.9382810e+00 1.0730670e+01 1.0158791e+01
-4.2075099e+00 -1.6256254e+01 -4.2389385e+00 1.0761147e+01 1.0190738e+01
-4.0740500e+00 -1.6124121e+01 -4.5411394e+00 1.0791289e+01 1.0222349e+01
-3.9433021e+00 -1.5992782e+01 -4.8444612e+00 1.0821098e+01 1.0253623e+01
-3.8152422e+00 -1.5862264e+01 -5.1484705e+00 1.0850576e+01 1.0284563e+01
-3.6898356e+00 -1.5732583e+01 -5.4527262e+00 1.0879726e+01 1.0315173e+01
-3.5670385e+00 -1.5603756e+01 -5.7567812e+00 1.0908554e+01 1.0345456e+01
-3.4467994e+00 -1.5475794e+01 -6.0601857e+00 1.0937063e+01 1.0375419e+01
-3.3290610e+00 -1.5348703e+01 -6.3624888e+00 1.0965260e+01 1.0405068e+01
-3.2137615e+00 -1.5222487e+01 -6.6632418e+00 1.0993152e+01 1.0434409e+01
-3.1008354e+00 -1.5097150e+01 -6.9619999e+00 1.1020744e+01 1.0463450e+01
-2.9902152e+00 -1.4972691e+01 -7.2583251e+00 1.1048044e+01 1.0492198e+01
-2.8818316e+00 -1.4849109e+01 -7.5517882e+00 1.1075059e+01 1.0520660e+01
-2.7756150e+00 -1.4726400e+01 -7.8419708e+00 1.1101796e+01 1.0548845e+01
-2.6714952e+00 -1.4604561e+01 -8.1284678e+00 1.1128262e+01 1.0576761e+01
-2.5694030e+00 -1.4483587e+01 -8.4108887e+00 1.1154465e+01 1.0604415e+01
-2.4692699e+00 -1.4363473e+01 -8.6888597e+00 1.1180410e+01 1.0631815e+01
-2.3710284e+00 -1.4244212e+01 -8.9620248e+00 1.1206106e+01 1.0658968e+01
-2.2746128e+00 -1.4125799e+01 -9.2300476e+00 1.1231558e+01 1.0685883e+01
-2.1799590e+00 -1.4008226e+01 -9.4926122e+00 1.1256774e+01 1.0712566e+01
-2.0870049e+00 -1.3891488e+01 -9.7494242e+00 1.1281760e+01 1.0739025e+01
-1.9956899e+00 -1.3775578e+01 -1.0000211e+01 1.1306521e+01 1.0765266e+01
-1.9059561e+00 -1.3660488e+01 -1.0244724e+01 1.1331065e+01 1.0791296e+01
-1.8177470e+00 -1.3546213e+01 -1.0482736e+01 1.1355396e+01 1.0817122e+01
-1.7310087e+00 -1.3432744e+01 -1.0714045e+01 1.1379520e+01 1.0842750e+01
-1.6456891e+00 -1.3320077e+01 -1.0938471e+01 1.1403442e+01 1.0868185e+01
-1.5617381e+00 -1.3208205e+01 -1.1155859e+01 1.1427167e+01 1.0893435e+01
-1.4791077e+00 -1.3097120e+01 -1.1366074e+01 1.1450700e+01 1.0918503e+01
-1.3977518e+00 -1.2986817e+01 -1.1569007e+01 1.1474046e+01 1.0943397e+01
-1.3176264e+00 -1.2877290e+01 -1.1764569e+01 1.1497209e+01 1.0968120e+01
-1.2386889e+00 -1.2768532e+01 -1.1952692e+01 1.1520194e+01 1.0992678e+01
-1.1608989e+00 -1.2660538e+01 -1.2133331e+01 1.1543003e+01 1.1017075e+01
-1.0842175e+00 -1.2553303e+01 -1.2306458e+01 1.1565641e+01 1.1041317e+01
-1.0086075e+00 -1.2446820e+01 -1.2472066e+01 1.1588112e+01 1.1065407e+01
-9.3403311e-01 -1.2341084e+01 -1.2630165e+01 1.1610419e+01 1.1089350e+01
-8.6046024e-01 -1.2236089e+01 -1.2780782e+01 1.1632564e+01 1.1113150e+01
-7.8785612e-01 -1.2131831e+01 -1.2923959e+01 1.1654552e+01 1.1136811e+01
-7.1618938e-01 -1.2028304e+01 -1.3059753e+01 1.1676385e+01 1.1160336e+01
-6.4542995e-01 -1.1925502e+01 -1.3188238e+01 1.1698066e+01 1.1183729e+01
-5.7554900e-01 -1.1823422e+01 -1.3309495e+01 1.1719597e+01 1.1206994e+01
-5.0651888e-01 -1.1722057e+01 -1.3423621e+01 1.1740980e+01 1.1230134e+01
-4.3831306e-01 -1.1621404e+01 -1.3530722e+01 1.1762219e+01 1.1253152e+01
-3.7090608e-01 -1.1521457e+01 -1.3630913e+01 1.1783314e+01 1.1276051e+01
-3.0427351e-01 -1.1422211e+01 -1.3724318e+01 1.1804269e+01 1.1298835e+01
-2.3839187e-01 -1.1323662e+01 -1.3811070e+01 1.1825085e+01 1.1321505e+01
-1.7323861e-01 -1.1225804e+01 -1.3891306e+01 1.1845763e+01 1.1344066e+01
-1.0879206e-01 -1.1128634e+01 -1.3965169e+01 1.1866305e+01 1.1366519e+01
-4.5031375e-02 -1.1032147e+01 -1.4032810e+01 1.1886712e+01 1.1388867e+01
1.8063507e-02 -1.0936338e+01 -1.4094381e+01 1.1906987e+01 1.1411112e+01
8.0511888e-02 -1.0841202e+01 -1.4150038e+01 1.1927129e+01 1.1433258e+01
1.4233236e-01 -1.0746735e+01 -1.4199940e+01 1.1947141e+01 1.1455306e+01
2.0354282e-01 -1.0652933e+01 -1.4244248e+01 1.1967022e+01 1.1477258e+01
2.6416054e-01 -1.0559790e+01 -1.4283124e+01 1.1986775e+01 1.1499118e+01
3.2420217e-01 -1.0467303e+01 -1.4316731e+01 1.2006398e+01 1.1520886e+01
3.8368377e-01 -1.0375466e+01 -1.4345232e+01 1.2025894e+01 1.1542564e+01
4.4262084e-01 -1.0284276e+01 -1.4368791e+01 1.2045262e+01 1.1564156e+01
5.0102836e-01 -1.0193728e+01 -1.4387570e+01 1.2064503e+01 1.1585662e+01
5.5892080e-01 -1.0103816e+01 -1.4401730e+01 1.2083616e+01 1.1607085e+01
6.1631214e-01 -1.0014538e+01 -1.4411431e+01 1.2102603e+01 1.1628426e+01
6.7321592e-01 -9.9258881e+00 -1.4416832e+01 1.2121462e+01 1.1649687e+01
7.2964522e-01 -9.8378619e+00 -1.4418088e+01 1.2140195e+01 1.1670870e+01
7.8561271e-01 -9.7504551e+00 -1.4415353e+01 1.2158799e+01 1.1691976e+01
8.4113068e-01 -9.6636629e+00 -1.4408780e+01 1.2177275e+01 1.1713008e+01
8.9621102e-01 -9.5774811e+00 -1.4398516e+01 1.2195623e+01 1.1733965e+01
9.5086526e-01 -9.4919050e+00 -1.4384709e+01 1.2213841e+01 1.1754851e+01
1.0051046e+00 -9.4069300e+00 -1.4367500e+01 1.2231928e+01 1.1775666e+01
1.0589399e+00 -9.3225518e+00 -1.4347029e+01 1.2249885e+01 1.1796411e+01
1.1123816e+00 -9.2387657e+00 -1.4323435e+01 1.2267708e+01 1.1817089e+01
1.1654401e+00 -9.1555671e+00 -1.4296849e+01 1.2285398e+01 1.1837701e+01
1.2181253e+00 -9.0729516e+00 -1.4267402e+01 1.2302952e+01 1.1858247e+01
1.2704468e+00 -8.9909146e+00 -1.4235221e+01 1.2320369e+01 1.1878729e+01
1.3224141e+00 -8.9094514e+00 -1.4200429e+01 1.2337647e+01 1.1899149e+01
1.3740363e+00 -8.8285576e+00 -1.4163146e+01 1.2354784e+01 1.1919507e+01
