3.1028023e+01 -8.5007813e+01 -8.5003237e+01 -8.5001038e+01 -8.5000615e+01
3.1935911e+01 -8.5015490e+01 -8.5006438e+01 -8.5002065e+01 -8.5001229e+01
3.2720794e+01 -8.5023038e+01 -8.5009605e+01 -8.5003085e+01 -8.5001837e+01
3.3380169e+01 -8.5030462e+01 -8.5012739e+01 -8.5004095e+01 -8.5002441e+01
3.3915906e+01 -8.5037765e+01 -8.5015841e+01 -8.5005097e+01 -8.5003040e+01
3.4335828e+01 -8.5044951e+01 -8.5018914e+01 -8.5006092e+01 -8.5003634e+01
3.4652545e+01 -8.5052021e+01 -8.5021956e+01 -8.5007078e+01 -8.5004224e+01
3.4881082e+01 -8.5058979e+01 -8.5024970e+01 -8.5008057e+01 -8.5004810e+01
3.5036710e+01 -8.5065825e+01 -8.5027956e+01 -8.5009029e+01 -8.5005391e+01
3.5133530e+01 -8.5072563e+01 -8.5030915e+01 -8.5009993e+01 -8.5005969e+01
3.5183792e+01 -8.5079193e+01 -8.5033849e+01 -8.5010951e+01 -8.5006542e+01
3.5197714e+01 -8.5085716e+01 -8.5036757e+01 -8.5011901e+01 -8.5007112e+01
3.5183586e+01 -8.5092134e+01 -8.5039640e+01 -8.5012845e+01 -8.5007678e+01
3.5148006e+01 -8.5098446e+01 -8.5042501e+01 -8.5013783e+01 -8.5008240e+01
3.5096153e+01 -8.5104655e+01 -8.5045338e+01 -8.5014715e+01 -8.5008799e+01
3.5032049e+01 -8.5110759e+01 -8.5048154e+01 -8.5015641e+01 -8.5009354e+01
3.4958789e+01 -8.5116758e+01 -8.5050948e+01 -8.5016561e+01 -8.5009907e+01
3.4878737e+01 -8.5122653e+01 -8.5053723e+01 -8.5017475e+01 -8.5010456e+01
3.4793685e+01 -8.5128442e+01 -8.5056477e+01 -8.5018384e+01 -8.5011002e+01
3.4704980e+01 -8.5134124e+01 -8.5059212e+01 -8.5019288e+01 -8.5011545e+01
3.4613625e+01 -8.5139698e+01 -8.5061929e+01 -8.5020188e+01 -8.5012086e+01
3.4520357e+01 -8.5145163e+01 -8.5064629e+01 -8.5021082e+01 -8.5012623e+01
3.4425711e+01 -8.5150514e+01 -8.5067311e+01 -8.5021972e+01 -8.5013159e+01
3.4330065e+01 -8.5155751e+01 -8.5069977e+01 -8.5022857e+01 -8.5013691e+01
3.4233681e+01 -8.5160868e+01 -8.5072627e+01 -8.5023739e+01 -8.5014222e+01
3.4136731e+01 -8.5165864e+01 -8.5075261e+01 -8.5024616e+01 -8.5014750e+01
3.4039320e+01 -8.5170732e+01 -8.5077881e+01 -8.5025489e+01 -8.5015276e+01
3.3941503e+01 -8.5175469e+01 -8.5080487e+01 -8.5026359e+01 -8.5015800e+01
3.3843300e+01 -8.5180068e+01 -8.5083079e+01 -8.5027225e+01 -8.5016321e+01
3.3744706e+01 -8.5184525e+01 -8.5085657e+01 -8.5028088e+01 -8.5016841e+01
3.3645695e+01 -8.5188834e+01 -8.5088223e+01 -8.5028947e+01 -8.5017359e+01
3.3546232e+01 -8.5192988e+01 -8.5090776e+01 -8.5029804e+01 -8.5017876e+01
3.3446272e+01 -8.5196980e+01 -8.5093318e+01 -8.5030657e+01 -8.5018391e+01
3.3345768e+01 -8.5200804e+01 -8.5095848e+01 -8.5031508e+01 -8.5018904e+01
3.3244670e+01 -8.5204453e+01 -8.5098366e+01 -8.5032355e+01 -8.5019415e+01
3.3142930e+01 -8.5207919e+01 -8.5100874e+01 -8.5033201e+01 -8.5019926e+01
3.3040501e+01 -8.5211196e+01 -8.5103372e+01 -8.5034043e+01 -8.5020434e+01
3.2937338e+01 -8.5214275e+01 -8.5105859e+01 -8.5034884e+01 -8.5020942e+01
3.2833401e+01 -8.5217151e+01 -8.5108337e+01 -8.5035722e+01 -8.5021448e+01
3.2728654e+01 -8.5219815e+01 -8.5110805e+01 -8.5036558e+01 -8.5021954e+01
3.2623063e+01 -8.5222259e+01 -8.5113264e+01 -8.5037392e+01 -8.5022458e+01
3.2516601e+01 -8.5224478e+01 -8.5115714e+01 -8.5038224e+01 -8.5022961e+01
3.2409243e+01 -8.5226463e+01 -8.5118156e+01 -8.5039054e+01 -8.5023463e+01
3.2300969e+01 -8.5228207e+01 -8.5120589e+01 -8.5039882e+01 -8.5023964e+01
3.2191764e+01 -8.5229703e+01 -8.5123014e+01 -8.5040709e+01 -8.5024465e+01
3.2081615e+01 -8.5230943e+01 -8.5125432e+01 -8.5041535e+01 -8.5024964e+01
3.1970513e+01 -8.5231922e+01 -8.5127841e+01 -8.5042358e+01 -8.5025463e+01
3.1858455e+01 -8.5232631e+01 -8.5130243e+01 -8.5043181e+01 -8.5025961e+01
3.1745437e+01 -8.5233064e+01 -8.5132638e+01 -8.5044002e+01 -8.5026459e+01
3.1631462e+01 -8.5233214e+01 -8.5135026e+01 -8.5044823e+01 -8.5026956e+01
3.1516531e+01 -8.5233074e+01 -8.5137407e+01 -8.5045642e+01 -8.5027452e+01
3.1400652e+01 -8.5232636e+01 -8.5139782e+01 -8.5046460e+01 -8.5027948e+01
3.1283832e+01 -8.5231893e+01 -8.5142149e+01 -8.5047277e+01 -8.5028444e+01
3.1166083e+01 -8.5230839e+01 -8.5144510e+01 -8.5048093e+01 -8.5028939e+01
3.1047415e+01 -8.5229466e+01 -8.5146865e+01 -8.5048909e+01 -8.5029433e+01
3.0927843e+01 -8.5227767e+01 -8.5149214e+01 -8.5049724e+01 -8.5029928e+01
3.0807381e+01 -8.5225733e+01 -8.5151556e+01 -8.5050538e+01 -8.5030422e+01
3.0686046e+01 -8.5223358e+01 -8.5153893e+01 -8.5051352e+01 -8.5030916e+01
3.0563856e+01 -8.5220634e+01 -8.5156223e+01 -8.5052165e+01 -8.5031410e+01
3.0440827e+01 -8.5217552e+01 -8.5158548e+01 -8.5052978e+01 -8.5031904e+01
3.0316980e+01 -8.5214103e+01 -8.5160867e+01 -8.5053790e+01 -8.5032397e+01
3.0192334e+01 -8.5210281e+01 -8.5163180e+01 -8.5054602e+01 -8.5032891e+01
3.0066908e+01 -8.5206074e+01 -8.5165487e+01 -8.5055414e+01 -8.5033384e+01
2.9940725e+01 -8.5201474e+01 -8.5167789e+01 -8.5056225e+01 -8.5033877e+01
2.9813803e+01 -8.5196472e+01 -8.5170085e+01 -8.5057037e+01 -8.5034371e+01
2.9686166e+01 -8.5191056e+01 -8.5172375e+01 -8.5057848e+01 -8.5034865e+01
2.9557833e+01 -8.5185217e+01 -8.5174659e+01 -8.5058659e+01 -8.5035358e+01
2.9428827e+01 -8.5178943e+01 -8.5176938e+01 -8.5059470e+01 -8.5035852e+01
2.9299169e+01 -8.5172224e+01 -8.5179211e+01 -8.5060282e+01 -8.5036346e+01
2.9168879e+01 -8.5165045e+01 -8.5181478e+01 -8.5061093e+01 -8.5036840e+01
2.9037980e+01 -8.5157397e+01 -8.5183739e+01 -8.5061905e+01 -8.5037335e+01
2.8906493e+01 -8.5149264e+01 -8.5185995e+01 -8.5062717e+01 -8.5037829e+01
2.8774437e+01 -8.5140632e+01 -8.5188244e+01 -8.5063529e+01 -8.5038324e+01
2.8641835e+01 -8.5131489e+01 -8.5190488e+01 -8.5064341e+01 -8.5038819e+01
2.8508706e+01 -8.5121817e+01 -8.5192725e+01 -8.5065154e+01 -8.5039315e+01
2.8375071e+01 -8.5111601e+01 -8.5194956e+01 -8.5065967e+01 -8.5039811e+01
2.8240950e+01 -8.5100825e+01 -8.5197180e+01 -8.5066780e+01 -8.5040307e+01
2.8106361e+01 -8.5089470e+01 -8.5199399e+01 -8.5067594e+01 -8.5040804e+01
2.7971325e+01 -8.5077518e+01 -8.5201610e+01 -8.5068408e+01 -8.5041301e+01
2.7835859e+01 -8.5064950e+01 -8.5203815e+01 -8.5069223e+01 -8.5041798e+01
2.7699983e+01 -8.5051745e+01 -8.5206013e+01 -8.5070039e+01 -8.5042297e+01
2.7563715e+01 -8.5037881e+01 -8.5208204e+01 -8.5070855e+01 -8.5042795e+01
2.7427071e+01 -8.5023337e+01 -8.5210388e+01 -8.5071671e+01 -8.5043294e+01
2.7290070e+01 -8.5008088e+01 -8.5212565e+01 -8.5072488e+01 -8.5043794e+01
2.7152728e+01 -8.4992111e+01 -8.5214734e+01 -8.5073306e+01 -8.5044294e+01
2.7015062e+01 -8.4975378e+01 -8.5216895e+01 -8.5074125e+01 -8.5044795e+01
2.6877087e+01 -8.4957864e+01 -8.5219049e+01 -8.5074944e+01 -8.5045296e+01
2.6738820e+01 -8.4939539e+01 -8.5221194e+01 -8.5075764e+01 -8.5045798e+01
2.6600275e+01 -8.4920373e+01 -8.5223331e+01 -8.5076585e+01 -8.5046300e+01
2.6461467e+01 -8.4900336e+01 -8.5225459e+01 -8.5077406e+01 -8.5046803e+01
2.6322411e+01 -8.4879394e+01 -8.5227578e+01 -8.5078229e+01 -8.5047307e+01
2.6183121e+01 -8.4857514e+01 -8.5229689e+01 -8.5079052e+01 -8.5047812e+01
2.6043610e+01 -8.4834658e+01 -8.5231789e+01 -8.5079876e+01 -8.5048317e+01
2.5903892e+01 -8.4810790e+01 -8.5233881e+01 -8.5080701e+01 -8.5048823e+01
2.5763979e+01 -8.4785870e+01 -8.5235962e+01 -8.5081527e+01 -8.5049329e+01
2.5623884e+01 -8.4759857e+01 -8.5238033e+01 -8.5082353e+01 -8.5049837e+01
2.5483619e+01 -8.4732707e+01 -8.5240094e+01 -8.5083181e+01 -8.5050345e+01
2.5343196e+01 -8.4704376e+01 -8.5242144e+01 -8.5084010e+01 -8.5050854e+01
2.5202626e+01 -8.4674814e+01 -8.5244183e+01 -8.5084839e+01 -8.5051363e+01
2.5061920e+01 -8.4643974e+01 -8.5246210e+01 -8.5085670e+01 -8.5051874e+01
2.4921089e+01 -8.4611803e+01 -8.5248225e+01 -8.5086501e+01 -8.5052385e+01
2.4780143e+01 -8.4578246e+01 -8.5250228e+01 -8.5087334e+01 -8.5052897e+01
2.4639093e+01 -8.4543248e+01 -8.5252218e+01 -8.5088167e+01 -8.5053409e+01
2.4497947e+01 -8.4506747e+01 -8.5254196e+01 -8.5089002e+01 -8.5053923e+01
2.4356716e+01 -8.4468683e+01 -8.5256160e+01 -8.5089837e+01 -8.5054437e+01
2.4215409e+01 -8.4428989e+01 -8.5258110e+01 -8.5090674e+01 -8.5054952e+01
2.4074033e+01 -8.4387599e+01 -8.5260046e+01 -8.5091512e+01 -8.5055468e+01
2.3932599e+01 -8.4344440e+01 -8.5261967e+01 -8.5092350e+01 -8.5055985e+01
2.3791114e+01 -8.4299438e+01 -8.5263873e+01 -8.5093190e+01 -8.5056503e+01
2.3649585e+01 -8.4252516e+01 -8.5265764e+01 -8.5094031e+01 -8.5057022e+01
2.3508022e+01 -8.4203592e+01 -8.5267638e+01 -8.5094873e+01 -8.5057541e+01
2.3366430e+01 -8.4152581e+01 -8.5269496e+01 -8.5095715e+01 -8.5058062e+01
2.3224818e+01 -8.4099394e+01 -8.5271336e+01 -8.5096559e+01 -8.5058583e+01
2.3083193e+01 -8.4043940e+01 -8.5273159e+01 -8.5097404e+01 -8.5059105e+01
2.2941560e+01 -8.3986120e+01 -8.5274963e+01 -8.5098251e+01 -8.5059628e+01
2.2799927e+01 -8.3925833e+01 -8.5276748e+01 -8.5099098e+01 -8.5060152e+01
2.2658300e+01 -8.3862974e+01 -8.5278514e+01 -8.5099946e+01 -8.5060677e+01
2.2516685e+01 -8.3797433e+01 -8.5280260e+01 -8.5100795e+01 -8.5061202e+01
2.2375087e+01 -8.3729094e+01 -8.5281984e+01 -8.5101646e+01 -8.5061729e+01
2.2233513e+01 -8.3657836e+01 -8.5283688e+01 -8.5102497e+01 -8.5062257e+01
2.2091968e+01 -8.3583535e+01 -8.5285369e+01 -8.5103350e+01 -8.5062785e+01
2.1950456e+01 -8.3506058e+01 -8.5287027e+01 -8.5104204e+01 -8.5063314e+01
2.1808984e+01 -8.3425271e+01 -8.5288662e+01 -8.5105058e+01 -8.5063845e+01
2.1667556e+01 -8.3341029e+01 -8.5290272e+01 -8.5105914e+01 -8.5064376e+01
2.1526176e+01 -8.3253184e+01 -8.5291856e+01 -8.5106771e+01 -8.5064908e+01
2.1384850e+01 -8.3161582e+01 -8.5293415e+01 -8.5107629e+01 -8.5065441e+01
2.1243581e+01 -8.3066061e+01 -8.5294947e+01 -8.5108487e+01 -8.5065975e+01
2.1102374e+01 -8.2966451e+01 -8.5296451e+01 -8.5109347e+01 -8.5066510e+01
2.0961233e+01 -8.2862579e+01 -8.5297926e+01 -8.5110208e+01 -8.5067046e+01
2.0820161e+01 -8.2754260e+01 -8.5299371e+01 -8.5111070e+01 -8.5067582e+01
2.0679164e+01 -8.2641306e+01 -8.5300786e+01 -8.5111933e+01 -8.5068120e+01
2.0538243e+01 -8.2523517e+01 -8.5302169e+01 -8.5112797e+01 -8.5068659e+01
2.0397403e+01 -8.2400689e+01 -8.5303518e+01 -8.5113662e+01 -8.5069198e+01
2.0256648e+01 -8.2272606e+01 -8.5304834e+01 -8.5114528e+01 -8.5069738e+01
2.0115979e+01 -8.2139046e+01 -8.5306115e+01 -8.5115395e+01 -8.5070280e+01
1.9975401e+01 -8.1999777e+01 -8.5307360e+01 -8.5116262e+01 -8.5070822e+01
1.9834917e+01 -8.1854559e+01 -8.5308567e+01 -8.5117131e+01 -8.5071365e+01
1.9694529e+01 -8.1703141e+01 -8.5309735e+01 -8.5118001e+01 -8.5071909e+01
1.9554240e+01 -8.1545265e+01 -8.5310863e+01 -8.5118871e+01 -8.5072454e+01
1.9414053e+01 -8.1380661e+01 -8.5311949e+01 -8.5119743e+01 -8.5073000e+01
1.9273970e+01 -8.1209050e+01 -8.5312992e+01 -8.5120615e+01 -8.5073547e+01
1.9133994e+01 -8.1030142e+01 -8.5313991e+01 -8.5121488e+01 -8.5074094e+01
1.8994128e+01 -8.0843639e+01 -8.5314943e+01 -8.5122362e+01 -8.5074643e+01
1.8854373e+01 -8.0649229e+01 -8.5315848e+01 -8.5123237e+01 -8.5075192e+01
1.8714732e+01 -8.0446592e+01 -8.5316703e+01 -8.5124112e+01 -8.5075743e+01
1.8575206e+01 -8.0235397e+01 -8.5317507e+01 -8.5124988e+01 -8.5076294e+01
1.8435799e+01 -8.0015299e+01 -8.5318259e+01 -8.5125866e+01 -8.5076846e+01
1.8296511e+01 -7.9785945e+01 -8.5318955e+01 -8.5126743e+01 -8.5077399e+01
1.8157345e+01 -7.9546970e+01 -8.5319594e+01 -8.5127622e+01 -8.5077953e+01
1.8018303e+01 -7.9297997e+01 -8.5320175e+01 -8.5128501e+01 -8.5078507e+01
1.7879385e+01 -7.9038639e+01 -8.5320694e+01 -8.5129381e+01 -8.5079063e+01
1.7740595e+01 -7.8768497e+01 -8.5321150e+01 -8.5130262e+01 -8.5079619e+01
1.7601932e+01 -7.8487161e+01 -8.5321541e+01 -8.5131143e+01 -8.5080176e+01
1.7463400e+01 -7.8194210e+01 -8.5321864e+01 -8.5132025e+01 -8.5080734e+01
1.7324999e+01 -7.7889212e+01 -8.5322116e+01 -8.5132907e+01 -8.5081293e+01
1.7186731e+01 -7.7571726e+01 -8.5322295e+01 -8.5133790e+01 -8.5081853e+01
1.7048597e+01 -7.7241299e+01 -8.5322398e+01 -8.5134673e+01 -8.5082413e+01
1.6910598e+01 -7.6897469e+01 -8.5322423e+01 -8.5135557e+01 -8.5082974e+01
1.6772736e+01 -7.6539765e+01 -8.5322366e+01 -8.5136441e+01 -8.5083536e+01
1.6635011e+01 -7.6167706e+01 -8.5322225e+01 -8.5137326e+01 -8.5084099e+01
1.6497425e+01 -7.5780805e+01 -8.5321995e+01 -8.5138212e+01 -8.5084663e+01
1.6359979e+01 -7.5378566e+01 -8.5321675e+01 -8.5139097e+01 -8.5085227e+01
1.6222673e+01 -7.4960488e+01 -8.5321260e+01 -8.5139983e+01 -8.5085792e+01
1.6085510e+01 -7.4526064e+01 -8.5320747e+01 -8.5140870e+01 -8.5086358e+01
1.5948489e+01 -7.4074781e+01 -8.5320131e+01 -8.5141756e+01 -8.5086925e+01
1.5811611e+01 -7.3606126e+01 -8.5319410e+01 -8.5142643e+01 -8.5087492e+01
1.5674878e+01 -7.3119581e+01 -8.5318579e+01 -8.5143530e+01 -8.5088060e+01
1.5538290e+01 -7.2614631e+01 -8.5317633e+01 -8.5144417e+01 -8.5088629e+01
1.5401847e+01 -7.2090760e+01 -8.5316569e+01 -8.5145305e+01 -8.5089198e+01
1.5265552e+01 -7.1547456e+01 -8.5315381e+01 -8.5146192e+01 -8.5089768e+01
1.5129403e+01 -7.0984212e+01 -8.5314065e+01 -8.5147080e+01 -8.5090339e+01
1.4993402e+01 -7.0400529e+01 -8.5312615e+01 -8.5147968e+01 -8.5090910e+01
1.4857549e+01 -6.9795916e+01 -8.5311027e+01 -8.5148856e+01 -8.5091483e+01
1.4721846e+01 -6.9169895e+01 -8.5309295e+01 -8.5149743e+01 -8.5092055e+01
1.4586292e+01 -6.8522003e+01 -8.5307412e+01 -8.5150631e+01 -8.5092629e+01
1.4450887e+01 -6.7851791e+01 -8.5305374e+01 -8.5151519e+01 -8.5093203e+01
1.4315633e+01 -6.7158835e+01 -8.5303173e+01 -8.5152406e+01 -8.5093777e+01
1.4180530e+01 -6.6442730e+01 -8.5300803e+01 -8.5153294e+01 -8.5094352e+01
1.4045578e+01 -6.5703099e+01 -8.5298258e+01 -8.5154181e+01 -8.5094928e+01
1.3910778e+01 -6.4939594e+01 -8.5295529e+01 -8.5155068e+01 -8.5095504e+01
1.3776129e+01 -6.4151899e+01 -8.5292610e+01 -8.5155954e+01 -8.5096081e+01
1.3641632e+01 -6.3339737e+01 -8.5289493e+01 -8.5156841e+01 -8.5096659e+01
1.3507288e+01 -6.2502868e+01 -8.5286169e+01 -8.5157727e+01 -8.5097237e+01
1.3373097e+01 -6.1641097e+01 -8.5282630e+01 -8.5158612e+01 -8.5097815e+01
1.3239059e+01 -6.0754276e+01 -8.5278866e+01 -8.5159497e+01 -8.5098394e+01
1.3105173e+01 -5.9842306e+01 -8.5274870e+01 -8.5160382e+01 -8.5098973e+01
1.2971441e+01 -5.8905146e+01 -8.5270630e+01 -8.5161266e+01 -8.5099553e+01
1.2837863e+01 -5.7942808e+01 -8.5266136e+01 -8.5162149e+01 -8.5100134e+01
1.2704438e+01 -5.6955368e+01 -8.5261378e+01 -8.5163032e+01 -8.5100714e+01
1.2571167e+01 -5.5942967e+01 -8.5256345e+01 -8.5163914e+01 -8.5101296e+01
1.2438049e+01 -5.4905812e+01 -8.5251024e+01 -8.5164796e+01 -8.5101877e+01
1.2305086e+01 -5.3844181e+01 -8.5245403e+01 -8.5165676e+01 -8.5102459e+01
1.2172277e+01 -5.2758424e+01 -8.5239471e+01 -8.5166556e+01 -8.5103042e+01
1.2039621e+01 -5.1648968e+01 -8.5233212e+01 -8.5167435e+01 -8.5103624e+01
1.1907120e+01 -5.0516314e+01 -8.5226613e+01 -8.5168313e+01 -8.5104207e+01
1.1774773e+01 -4.9361045e+01 -8.5219660e+01 -8.5169190e+01 -8.5104791e+01
1.1642580e+01 -4.8183819e+01 -8.5212337e+01 -8.5170066e+01 -8.5105374e+01
1.1510540e+01 -4.6985379e+01 -8.5204627e+01 -8.5170941e+01 -8.5105959e+01
1.1378655e+01 -4.5766544e+01 -8.5196514e+01 -8.5171815e+01 -8.5106543e+01
1.1246924e+01 -4.4528213e+01 -8.5187980e+01 -8.5172688e+01 -8.5107127e+01
1.1115347e+01 -4.3271365e+01 -8.5179007e+01 -8.5173559e+01 -8.5107712e+01
1.0983923e+01 -4.1997054e+01 -8.5169575e+01 -8.5174429e+01 -8.5108297e+01
1.0852653e+01 -4.0706408e+01 -8.5159664e+01 -8.5175298e+01 -8.5108882e+01
1.0721537e+01 -3.9400625e+01 -8.5149252e+01 -8.5176166e+01 -8.5109468e+01
1.0590574e+01 -3.8080974e+01 -8.5138318e+01 -8.5177031e+01 -8.5110054e+01
1.0459764e+01 -3.6748784e+01 -8.5126837e+01 -8.5177896e+01 -8.5110639e+01
1.0329107e+01 -3.5405443e+01 -8.5114786e+01 -8.5178759e+01 -8.5111225e+01
1.0198604e+01 -3.4052394e+01 -8.5102139e+01 -8.5179620e+01 -8.5111811e+01
1.0068253e+01 -3.2691125e+01 -8.5088869e+01 -8.5180480e+01 -8.5112397e+01
9.9380547e+00 -3.1323167e+01 -8.5074947e+01 -8.5181337e+01 -8.5112984e+01
9.8080089e+00 -2.9950084e+01 -8.5060346e+01 -8.5182193e+01 -8.5113570e+01
9.6781152e+00 -2.8573469e+01 -8.5045033e+01 -8.5183047e+01 -8.5114156e+01
9.5483734e+00 -2.7194934e+01 -8.5028976e+01 -8.5183900e+01 -8.5114742e+01
9.4187834e+00 -2.5816103e+01 -8.5012142e+01 -8.5184750e+01 -8.5115329e+01
9.2893448e+00 -2.4438607e+01 -8.4994495e+01 -8.5185598e+01 -8.5115915e+01
9.1600574e+00 -2.3064072e+01 -8.4975998e+01 -8.5186444e+01 -8.5116501e+01
9.0309210e+00 -2.1694116e+01 -8.4956612e+01 -8.5187288e+01 -8.5117088e+01
8.9019353e+00 -2.0330338e+01 -8.4936296e+01 -8.5188129e+01 -8.5117674e+01
8.7730999e+00 -1.8974312e+01 -8.4915008e+01 -8.5188969e+01 -8.5118260e+01
8.6444146e+00 -1.7627579e+01 -8.4892702e+01 -8.5189805e+01 -8.5118846e+01
8.5158791e+00 -1.6291644e+01 -8.4869333e+01 -8.5190640e+01 -8.5119431e+01
8.3874930e+00 -1.4967964e+01 -8.4844851e+01 -8.5191472e+01 -8.5120017e+01
8.2592562e+00 -1.3657945e+01 -8.4819204e+01 -8.5192301e+01 -8.5120602e+01
8.1311681e+00 -1.2362939e+01 -8.4792338e+01 -8.5193127e+01 -8.5121188e+01
8.0032285e+00 -1.1084233e+01 -8.4764198e+01 -8.5193951e+01 -8.5121773e+01
7.8754371e+00 -9.8230522e+00 -8.4734724e+01 -8.5194772e+01 -8.5122357e+01
7.7477934e+00 -8.5805498e+00 -8.4703854e+01 -8.5195590e+01 -8.5122942e+01
7.6202972e+00 -7.3578075e+00 -8.4671523e+01 -8.5196405e+01 -8.5123526e+01
7.4929480e+00 -6.1558316e+00 -8.4637663e+01 -8.5197217e+01 -8.5124110e+01
7.3657456e+00 -4.9755519e+00 -8.4602203e+01 -8.5198026e+01 -8.5124693e+01
7.2386894e+00 -3.8178198e+00 -8.4565069e+01 -8.5198832e+01 -8.5125276e+01
7.1117791e+00 -2.6834074e+00 -8.4526183e+01 -8.5199635e+01 -8.5125859e+01
6.9850143e+00 -1.5730081e+00 -8.4485463e+01 -8.5200434e+01 -8.5126441e+01
6.8583947e+00 -4.8723589e-01 -8.4442823e+01 -8.5201230e+01 -8.5127023e+01
6.7319197e+00 5.7337311e-01 -8.4398174e+01 -8.5202022e+01 -8.5127604e+01
6.6055890e+00 1.6083598e+00 -8.4351421e+01 -8.5202810e+01 -8.5128185e+01
6.4794022e+00 2.6173403e+00 -8.4302468e+01 -8.5203595e+01 -8.5128765e+01
6.3533588e+00 3.6000039e+00 -8.4251212e+01 -8.5204377e+01 -8.5129345e+01
6.2274584e+00 4.5561111e+00 -8.4197544e+01 -8.5205154e+01 -8.5129924e+01
6.1017005e+00 5.4854904e+00 -8.4141352e+01 -8.5205927e+01 -8.5130503e+01
5.9760848e+00 6.3880358e+00 -8.4082520e+01 -8.5206697e+01 -8.5131081e+01
5.8506107e+00 7.2637038e+00 -8.4020923e+01 -8.5207462e+01 -8.5131658e+01
5.7252778e+00 8.1125101e+00 -8.3956434e+01 -8.5208223e+01 -8.5132235e+01
5.6000856e+00 8.9345259e+00 -8.3888917e+01 -8.5208980e+01 -8.5132811e+01
5.4750336e+00 9.7298753e+00 -8.3818232e+01 -8.5209732e+01 -8.5133386e+01
5.3501215e+00 1.0498731e+01 -8.3744232e+01 -8.5210480e+01 -8.5133961e+01
5.2253486e+00 1.1241311e+01 -8.3666763e+01 -8.5211224e+01 -8.5134535e+01
5.1007146e+00 1.1957875e+01 -8.3585666e+01 -8.5211962e+01 -8.5135107e+01
4.9762189e+00 1.2648723e+01 -8.3500772e+01 -8.5212696e+01 -8.5135680e+01
4.8518610e+00 1.3314188e+01 -8.3411905e+01 -8.5213425e+01 -8.5136251e+01
4.7276404e+00 1.3954635e+01 -8.3318884e+01 -8.5214150e+01 -8.5136821e+01
4.6035567e+00 1.4570459e+01 -8.3221518e+01 -8.5214869e+01 -8.5137390e+01
4.4796092e+00 1.5162078e+01 -8.3119607e+01 -8.5215583e+01 -8.5137959e+01
4.3557976e+00 1.5729936e+01 -8.3012943e+01 -8.5216292e+01 -8.5138526e+01
4.2321213e+00 1.6274492e+01 -8.2901311e+01 -8.5216995e+01 -8.5139093e+01
4.1085797e+00 1.6796226e+01 -8.2784484e+01 -8.5217693e+01 -8.5139658e+01
3.9851723e+00 1.7295629e+01 -8.2662227e+01 -8.5218385e+01 -8.5140222e+01
3.8618986e+00 1.7773206e+01 -8.2534295e+01 -8.5219072e+01 -8.5140785e+01
3.7387582e+00 1.8229470e+01 -8.2400433e+01 -8.5219753e+01 -8.5141347e+01
3.6157503e+00 1.8664942e+01 -8.2260375e+01 -8.5220428e+01 -8.5141908e+01
3.4928745e+00 1.9080148e+01 -8.2113845e+01 -8.5221097e+01 -8.5142468e+01
3.3701303e+00 1.9475617e+01 -8.1960556e+01 -8.5221760e+01 -8.5143026e+01
3.2475171e+00 1.9851880e+01 -8.1800209e+01 -8.5222416e+01 -8.5143583e+01
3.1250344e+00 2.0209468e+01 -8.1632493e+01 -8.5223066e+01 -8.5144139e+01
3.0026815e+00 2.0548911e+01 -8.1457088e+01 -8.5223710e+01 -8.5144693e+01
2.8804580e+00 2.0870737e+01 -8.1273658e+01 -8.5224347e+01 -8.5145246e+01
2.7583633e+00 2.1175467e+01 -8.1081858e+01 -8.5224978e+01 -8.5145798e+01
2.6363969e+00 2.1463619e+01 -8.0881328e+01 -8.5225601e+01 -8.5146348e+01
2.5145581e+00 2.1735707e+01 -8.0671698e+01 -8.5226218e+01 -8.5146897e+01
2.3928464e+00 2.1992235e+01 -8.0452582e+01 -8.5226828e+01 -8.5147444e+01
2.2712613e+00 2.2233700e+01 -8.0223583e+01 -8.5227430e+01 -8.5147989e+01
2.1498022e+00 2.2460592e+01 -7.9984291e+01 -8.5228025e+01 -8.5148533e+01
2.0284686e+00 2.2673392e+01 -7.9734281e+01 -8.5228612e+01 -8.5149075e+01
1.9072598e+00 2.2872570e+01 -7.9473118e+01 -8.5229192e+01 -8.5149616e+01
1.7861753e+00 2.3058589e+01 -7.9200352e+01 -8.5229764e+01 -8.5150154e+01
1.6652146e+00 2.3231898e+01 -7.8915519e+01 -8.5230327e+01 -8.5150691e+01
1.5443771e+00 2.3392939e+01 -7.8618143e+01 -8.5230883e+01 -8.5151226e+01
1.4236622e+00 2.3542142e+01 -7.8307738e+01 -8.5231431e+01 -8.5151760e+01
1.3030694e+00 2.3679926e+01 -7.7983803e+01 -8.5231970e+01 -8.5152291e+01
1.1825982e+00 2.3806700e+01 -7.7645825e+01 -8.5232500e+01 -8.5152820e+01
1.0622479e+00 2.3922862e+01 -7.7293281e+01 -8.5233022e+01 -8.5153347e+01
9.4201809e-01 2.4028797e+01 -7.6925637e+01 -8.5233535e+01 -8.5153872e+01
8.2190818e-01 2.4124881e+01 -7.6542350e+01 -8.5234038e+01 -8.5154395e+01
7.0191765e-01 2.4211479e+01 -7.6142866e+01 -8.5234533e+01 -8.5154916e+01
5.8204596e-01 2.4288944e+01 -7.5726623e+01 -8.5235018e+01 -8.5155434e+01
4.6229259e-01 2.4357618e+01 -7.5293055e+01 -8.5235493e+01 -8.5155950e+01
3.4265701e-01 2.4417834e+01 -7.4841585e+01 -8.5235959e+01 -8.5156464e+01
2.2313873e-01 2.4469913e+01 -7.4371637e+01 -8.5236414e+01 -8.5156975e+01
1.0373722e-01 2.4514167e+01 -7.3882629e+01 -8.5236859e+01 -8.5157483e+01
-1.5548007e-02 2.4550895e+01 -7.3373978e+01 -8.5237294e+01 -8.5157989e+01
-1.3471745e-01 2.4580390e+01 -7.2845102e+01 -8.5237718e+01 -8.5158492e+01
-2.5377158e-01 2.4602931e+01 -7.2295424e+01 -8.5238131e+01 -8.5158993e+01
-3.7271091e-01 2.4618790e+01 -7.1724369e+01 -8.5238533e+01 -8.5159490e+01
-4.9153589e-01 2.4628230e+01 -7.1131372e+01 -8.5238924e+01 -8.5159985e+01
-6.1024701e-01 2.4631503e+01 -7.0515876e+01 -8.5239303e+01 -8.5160477e+01
-7.2884474e-01 2.4628853e+01 -6.9877338e+01 -8.5239670e+01 -8.5160965e+01
-8.4732956e-01 2.4620515e+01 -6.9215234e+01 -8.5240025e+01 -8.5161450e+01
-9.6570195e-01 2.4606716e+01 -6.8529054e+01 -8.5240368e+01 -8.5161932e+01
-1.0839624e+00 2.4587674e+01 -6.7818316e+01 -8.5240699e+01 -8.5162411e+01
-1.2021114e+00 2.4563600e+01 -6.7082560e+01 -8.5241016e+01 -8.5162886e+01
-1.3201495e+00 2.4534697e+01 -6.6321360e+01 -8.5241320e+01 -8.5163357e+01
-1.4380772e+00 2.4501159e+01 -6.5534321e+01 -8.5241611e+01 -8.5163825e+01
-1.5558951e+00 2.4463176e+01 -6.4721087e+01 -8.5241888e+01 -8.5164289e+01
-1.6736039e+00 2.4420927e+01 -6.3881345e+01 -8.5242152e+01 -8.5164749e+01
-1.7912042e+00 2.4374587e+01 -6.3014828e+01 -8.5242401e+01 -8.5165205e+01
-1.9086967e+00 2.4324323e+01 -6.2121319e+01 -8.5242635e+01 -8.5165657e+01
-2.0260823e+00 2.4270297e+01 -6.1200658e+01 -8.5242855e+01 -8.5166105e+01
-2.1433619e+00 2.4212664e+01 -6.0252742e+01 -8.5243059e+01 -8.5166549e+01
-2.2605366e+00 2.4151572e+01 -5.9277534e+01 -8.5243249e+01 -8.5166988e+01
-2.3776073e+00 2.4087166e+01 -5.8275061e+01 -8.5243422e+01 -8.5167423e+01
-2.4945755e+00 2.4019584e+01 -5.7245427e+01 -8.5243580e+01 -8.5167853e+01
-2.6114425e+00 2.3948958e+01 -5.6188807e+01 -8.5243722e+01 -8.5168279e+01
-2.7282098e+00 2.3875415e+01 -5.5105457e+01 -8.5243847e+01 -8.5168701e+01
-2.8448793e+00 2.3799079e+01 -5.3995715e+01 -8.5243956e+01 -8.5169118e+01
-2.9614526e+00 2.3720068e+01 -5.2860004e+01 -8.5244048e+01 -8.5169531e+01
-3.0779320e+00 2.3638495e+01 -5.1698834e+01 -8.5244123e+01 -8.5169939e+01
-3.1943195e+00 2.3554469e+01 -5.0512807e+01 -8.5244181e+01 -8.5170343e+01
-3.3106176e+00 2.3468095e+01 -4.9302612e+01 -8.5244221e+01 -8.5170743e+01
-3.4268286e+00 2.3379475e+01 -4.8069034e+01 -8.5244244e+01 -8.5171138e+01
-3.5429552e+00 2.3288704e+01 -4.6812946e+01 -8.5244250e+01 -8.5171530e+01
-3.6590002e+00 2.3195877e+01 -4.5535314e+01 -8.5244237e+01 -8.5171917e+01
-3.7749662e+00 2.3101083e+01 -4.4237197e+01 -8.5244207e+01 -8.5172300e+01
-3.8908561e+00 2.3004407e+01 -4.2919739e+01 -8.5244159e+01 -8.5172680e+01
-4.0066729e+00 2.2905933e+01 -4.1584171e+01 -8.5244092e+01 -8.5173056e+01
-4.1224196e+00 2.2805739e+01 -4.0231807e+01 -8.5244007e+01 -8.5173428e+01
-4.2380990e+00 2.2703903e+01 -3.8864039e+01 -8.5243903e+01 -8.5173798e+01
-4.3537141e+00 2.2600496e+01 -3.7482332e+01 -8.5243780e+01 -8.5174164e+01
-4.4692678e+00 2.2495590e+01 -3.6088220e+01 -8.5243639e+01 -8.5174527e+01
-4.5847630e+00 2.2389252e+01 -3.4683297e+01 -8.5243478e+01 -8.5174888e+01
-4.7002026e+00 2.2281545e+01 -3.3269215e+01 -8.5243298e+01 -8.5175246e+01
-4.8155893e+00 2.2172533e+01 -3.1847670e+01 -8.5243098e+01 -8.5175602e+01
-4.9309257e+00 2.2062274e+01 -3.0420399e+01 -8.5242878e+01 -8.5175956e+01
-5.0462147e+00 2.1950826e+01 -2.8989170e+01 -8.5242638e+01 -8.5176307e+01
-5.1614585e+00 2.1838243e+01 -2.7555774e+01 -8.5242378e+01 -8.5176657e+01
-5.2766598e+00 2.1724578e+01 -2.6122015e+01 -8.5242096e+01 -8.5177005e+01
-5.3918210e+00 2.1609881e+01 -2.4689702e+01 -8.5241793e+01 -8.5177352e+01
-5.5069442e+00 2.1494200e+01 -2.3260639e+01 -8.5241469e+01 -8.5177698e+01
-5.6220317e+00 2.1377582e+01 -2.1836617e+01 -8.5241122e+01 -8.5178042e+01
-5.7370857e+00 2.1260069e+01 -2.0419405e+01 -8.5240752e+01 -8.5178385e+01
-5.8521081e+00 2.1141706e+01 -1.9010741e+01 -8.5240358e+01 -8.5178728e+01
-5.9671010e+00 2.1022532e+01 -1.7612324e+01 -8.5239941e+01 -8.5179070e+01
-6.0820663e+00 2.0902587e+01 -1.6225806e+01 -8.5239499e+01 -8.5179412e+01
-6.1970057e+00 2.0781907e+01 -1.4852784e+01 -8.5239032e+01 -8.5179753e+01
-6.3119210e+00 2.0660529e+01 -1.3494797e+01 -8.5238538e+01 -8.5180094e+01
-6.4268140e+00 2.0538487e+01 -1.2153315e+01 -8.5238018e+01 -8.5180435e+01
-6.5416863e+00 2.0415813e+01 -1.0829734e+01 -8.5237470e+01 -8.5180776e+01
-6.6565394e+00 2.0292540e+01 -9.5253754e+00 -8.5236893e+01 -8.5181118e+01
-6.7713750e+00 2.0168697e+01 -8.2414789e+00 -8.5236286e+01 -8.5181459e+01
-6.8861944e+00 2.0044313e+01 -6.9791991e+00 -8.5235649e+01 -8.5181801e+01
-7.0009992e+00 1.9919416e+01 -5.7396040e+00 -8.5234980e+01 -8.5182144e+01
-7.1157908e+00 1.9794032e+01 -4.5236726e+00 -8.5234278e+01 -8.5182487e+01
-7.2305706e+00 1.9668187e+01 -3.3322939e+00 -8.5233542e+01 -8.5182832e+01
-7.3453398e+00 1.9541905e+01 -2.1662665e+00 -8.5232770e+01 -8.5183177e+01
-7.4601000e+00 1.9415210e+01 -1.0262985e+00 -8.5231961e+01 -8.5183522e+01
-7.5748523e+00 1.9288123e+01 8.6991079e-02 -8.5231114e+01 -8.5183870e+01
-7.6895980e+00 1.9160667e+01 1.1730717e+00 -8.5230227e+01 -8.5184218e+01
-7.8043385e+00 1.9032862e+01 2.2314992e+00 -8.5229299e+01 -8.5184567e+01
-7.9190750e+00 1.8904727e+01 3.2619130e+00 -8.5228327e+01 -8.5184918e+01
-8.0338088e+00 1.8776281e+01 4.2640344e+00 -8.5227310e+01 -8.5185270e+01
-8.1485411e+00 1.8647543e+01 5.2376625e+00 -8.5226246e+01 -8.5185624e+01
-8.2632731e+00 1.8518529e+01 6.1826715e+00 -8.5225134e+01 -8.5185980e+01
-8.3780061e+00 1.8389257e+01 7.0990071e+00 -8.5223970e+01 -8.5186337e+01
-8.4927414e+00 1.8259742e+01 7.9866822e+00 -8.5222753e+01 -8.5186695e+01
-8.6074802e+00 1.8129999e+01 8.8457736e+00 -8.5221480e+01 -8.5187056e+01
-8.7222237e+00 1.8000043e+01 9.6764175e+00 -8.5220149e+01 -8.5187419e+01
-8.8369731e+00 1.7869888e+01 1.0478806e+01 -8.5218758e+01 -8.5187783e+01
-8.9517299e+00 1.7739547e+01 1.1253181e+01 -8.5217302e+01 -8.5188150e+01
-9.0664951e+00 1.7609033e+01 1.1999834e+01 -8.5215781e+01 -8.5188518e+01
-9.1812702e+00 1.7478359e+01 1.2719099e+01 -8.5214190e+01 -8.5188889e+01
-9.2960564e+00 1.7347535e+01 1.3411348e+01 -8.5212527e+01 -8.5189262e+01
-9.4108551e+00 1.7216574e+01 1.4076989e+01 -8.5210788e+01 -8.5189637e+01
-9.5256674e+00 1.7085485e+01 1.4716463e+01 -8.5208969e+01 -8.5190014e+01
-9.6404949e+00 1.6954280e+01 1.5330237e+01 -8.5207067e+01 -8.5190394e+01
-9.7553389e+00 1.6822969e+01 1.5918803e+01 -8.5205078e+01 -8.5190776e+01
-9.8702007e+00 1.6691560e+01 1.6482675e+01 -8.5202999e+01 -8.5191161e+01
-9.9850817e+00 1.6560062e+01 1.7022385e+01 -8.5200823e+01 -8.5191549e+01
-1.0099983e+01 1.6428485e+01 1.7538478e+01 -8.5198548e+01 -8.5191938e+01
-1.0214907e+01 1.6296837e+01 1.8031513e+01 -8.5196168e+01 -8.5192331e+01
-1.0329855e+01 1.6165126e+01 1.8502059e+01 -8.5193679e+01 -8.5192726e+01
-1.0444827e+01 1.6033358e+01 1.8950691e+01 -8.5191075e+01 -8.5193124e+01
-1.0559827e+01 1.5901542e+01 1.9377990e+01 -8.5188350e+01 -8.5193524e+01
-1.0674854e+01 1.5769685e+01 1.9784537e+01 -8.5185500e+01 -8.5193928e+01
-1.0789911e+01 1.5637793e+01 2.0170918e+01 -8.5182517e+01 -8.5194334e+01
-1.0904999e+01 1.5505872e+01 2.0537715e+01 -8.5179395e+01 -8.5194743e+01
-1.1020121e+01 1.5373929e+01 2.0885508e+01 -8.5176128e+01 -8.5195155e+01
-1.1135277e+01 1.5241969e+01 2.1214874e+01 -8.5172709e+01 -8.5195570e+01
-1.1250469e+01 1.5109998e+01 2.1526384e+01 -8.5169130e+01 -8.5195988e+01
-1.1365699e+01 1.4978021e+01 2.1820602e+01 -8.5165384e+01 -8.5196409e+01
-1.1480969e+01 1.4846044e+01 2.2098086e+01 -8.5161462e+01 -8.5196834e+01
-1.1596281e+01 1.4714071e+01 2.2359384e+01 -8.5157356e+01 -8.5197261e+01
-1.1711636e+01 1.4582108e+01 2.2605035e+01 -8.5153056e+01 -8.5197691e+01
-1.1827036e+01 1.4450157e+01 2.2835570e+01 -8.5148553e+01 -8.5198125e+01
-1.1942483e+01 1.4318224e+01 2.3051506e+01 -8.5143838e+01 -8.5198562e+01
-1.2057980e+01 1.4186313e+01 2.3253352e+01 -8.5138900e+01 -8.5199002e+01
-1.2173527e+01 1.4054428e+01 2.3441604e+01 -8.5133728e+01 -8.5199445e+01
-1.2289127e+01 1.3922572e+01 2.3616748e+01 -8.5128309e+01 -8.5199892e+01
-1.2404782e+01 1.3790749e+01 2.3779254e+01 -8.5122634e+01 -8.5200342e+01
-1.2520494e+01 1.3658963e+01 2.3929584e+01 -8.5116687e+01 -8.5200795e+01
-1.2636265e+01 1.3527216e+01 2.4068186e+01 -8.5110457e+01 -8.5201252e+01
-1.2752097e+01 1.3395511e+01 2.4195495e+01 -8.5103929e+01 -8.5201712e+01
