-4.8979191e+01 -1.4899755e-01 1.4008469e+00 1.4379667e+00 1.3055224e+00
-4.9396922e+01 -1.4539046e-01 1.4184970e+00 1.4548249e+00 1.3207642e+00
-4.9755771e+01 -1.4196243e-01 1.4362937e+00 1.4718388e+00 1.3361449e+00
-5.0058064e+01 -1.3870915e-01 1.4540803e+00 1.4888530e+00 1.3515245e+00
-5.0302241e+01 -1.3562906e-01 1.4718166e+00 1.5058291e+00 1.3668686e+00
-5.0482217e+01 -1.3272211e-01 1.4895000e+00 1.5227661e+00 1.3821768e+00
-5.0593824e+01 -1.2999040e-01 1.5071427e+00 1.5396783e+00 1.3974624e+00
-5.0644262e+01 -1.2743547e-01 1.5247620e+00 1.5565847e+00 1.4127428e+00
-5.0646831e+01 -1.2505950e-01 1.5423767e+00 1.5735057e+00 1.4280370e+00
-5.0612008e+01 -1.2286409e-01 1.5600047e+00 1.5904608e+00 1.4433626e+00
-5.0548788e+01 -1.2085086e-01 1.5776624e+00 1.6074676e+00 1.4587359e+00
-5.0464709e+01 -1.1902101e-01 1.5953641e+00 1.6245413e+00 1.4741710e+00
-5.0364982e+01 -1.1737555e-01 1.6131221e+00 1.6416952e+00 1.4896801e+00
-5.0253966e+01 -1.1591522e-01 1.6309464e+00 1.6589403e+00 1.5052731e+00
-5.0134692e+01 -1.1464057e-01 1.6488455e+00 1.6762853e+00 1.5209583e+00
-5.0009461e+01 -1.1355197e-01 1.6668259e+00 1.6937375e+00 1.5367422e+00
-4.9880030e+01 -1.1264965e-01 1.6848929e+00 1.7113025e+00 1.5526301e+00
-4.9747568e+01 -1.1193375e-01 1.7030503e+00 1.7289845e+00 1.5686259e+00
-4.9613062e+01 -1.1140430e-01 1.7213011e+00 1.7467867e+00 1.5847324e+00
-4.9477100e+01 -1.1106127e-01 1.7396473e+00 1.7647111e+00 1.6009518e+00
-4.9340206e+01 -1.1090457e-01 1.7580900e+00 1.7827593e+00 1.6172853e+00
-4.9202672e+01 -1.1093412e-01 1.7766300e+00 1.8009318e+00 1.6337335e+00
-4.9064754e+01 -1.1114984e-01 1.7952673e+00 1.8192289e+00 1.6502968e+00
-4.8926594e+01 -1.1155171e-01 1.8140017e+00 1.8376505e+00 1.6669750e+00
-4.8788298e+01 -1.1213979e-01 1.8328327e+00 1.8561959e+00 1.6837677e+00
-4.8649929e+01 -1.1291425e-01 1.8517595e+00 1.8748644e+00 1.7006740e+00
-4.8511513e+01 -1.1387539e-01 1.8707810e+00 1.8936549e+00 1.7176933e+00
-4.8373074e+01 -1.1502362e-01 1.8898961e+00 1.9125665e+00 1.7348244e+00
-4.8234599e+01 -1.1635951e-01 1.9091036e+00 1.9315978e+00 1.7520664e+00
-4.8096090e+01 -1.1788377e-01 1.9284023e+00 1.9507475e+00 1.7694180e+00
-4.7957520e+01 -1.1959722e-01 1.9477908e+00 1.9700144e+00 1.7868781e+00
-4.7818879e+01 -1.2150082e-01 1.9672677e+00 1.9893970e+00 1.8044454e+00
-4.7680137e+01 -1.2359565e-01 1.9868317e+00 2.0088942e+00 1.8221189e+00
-4.7541280e+01 -1.2588286e-01 2.0064814e+00 2.0285045e+00 1.8398973e+00
-4.7402280e+01 -1.2836371e-01 2.0262156e+00 2.0482267e+00 1.8577795e+00
-4.7263123e+01 -1.3103954e-01 2.0460329e+00 2.0680596e+00 1.8757644e+00
-4.7123787e+01 -1.3391172e-01 2.0659320e+00 2.0880018e+00 1.8938509e+00
-4.6984258e+01 -1.3698172e-01 2.0859117e+00 2.1080524e+00 1.9120379e+00
-4.6844519e+01 -1.4025100e-01 2.1059707e+00 2.1282101e+00 1.9303246e+00
-4.6704559e+01 -1.4372110e-01 2.1261081e+00 2.1484739e+00 1.9487099e+00
-4.6564368e+01 -1.4739356e-01 2.1463225e+00 2.1688428e+00 1.9671930e+00
-4.6423937e+01 -1.5126995e-01 2.1666129e+00 2.1893159e+00 1.9857730e+00
-4.6283259e+01 -1.5535189e-01 2.1869783e+00 2.2098922e+00 2.0044492e+00
-4.6142331e+01 -1.5964097e-01 2.2074176e+00 2.2305709e+00 2.0232207e+00
-4.6001148e+01 -1.6413883e-01 2.2279299e+00 2.2513511e+00 2.0420868e+00
-4.5859711e+01 -1.6884714e-01 2.2485141e+00 2.2722321e+00 2.0610469e+00
-4.5718018e+01 -1.7376757e-01 2.2691695e+00 2.2932132e+00 2.0801003e+00
-4.5576072e+01 -1.7890181e-01 2.2898949e+00 2.3142936e+00 2.0992465e+00
-4.5433874e+01 -1.8425161e-01 2.3106897e+00 2.3354728e+00 2.1184848e+00
-4.5291428e+01 -1.8981872e-01 2.3315529e+00 2.3567500e+00 2.1378148e+00
-4.5148740e+01 -1.9560494e-01 2.3524837e+00 2.3781248e+00 2.1572359e+00
-4.5005817e+01 -2.0161171e-01 2.3734820e+00 2.3995972e+00 2.1767487e+00
-4.4862663e+01 -2.0784132e-01 2.3945462e+00 2.4211660e+00 2.1963514e+00
-4.4719283e+01 -2.1429573e-01 2.4156757e+00 2.4428307e+00 2.2160437e+00
-4.4575686e+01 -2.2097691e-01 2.4368695e+00 2.4645909e+00 2.2358258e+00
-4.4431878e+01 -2.2788693e-01 2.4581271e+00 2.4864460e+00 2.2556966e+00
-4.4287868e+01 -2.3502791e-01 2.4794475e+00 2.5083957e+00 2.2756560e+00
-4.4143663e+01 -2.4240206e-01 2.5008301e+00 2.5304396e+00 2.2957038e+00
-4.3999274e+01 -2.5001164e-01 2.5222742e+00 2.5525772e+00 2.3158397e+00
-4.3854707e+01 -2.5785902e-01 2.5437789e+00 2.5748082e+00 2.3360633e+00
-4.3709972e+01 -2.6594665e-01 2.5653437e+00 2.5971322e+00 2.3563743e+00
-4.3565077e+01 -2.7427710e-01 2.5869676e+00 2.6195488e+00 2.3767724e+00
-4.3420032e+01 -2.8285301e-01 2.6086501e+00 2.6420577e+00 2.3972573e+00
-4.3274846e+01 -2.9167714e-01 2.6303904e+00 2.6646587e+00 2.4178288e+00
-4.3129526e+01 -3.0075238e-01 2.6521878e+00 2.6873512e+00 2.4384866e+00
-4.2984082e+01 -3.1008171e-01 2.6740414e+00 2.7101352e+00 2.4592305e+00
-4.2838522e+01 -3.1966826e-01 2.6959507e+00 2.7330101e+00 2.4800601e+00
-4.2692854e+01 -3.2951529e-01 2.7179148e+00 2.7559759e+00 2.5009754e+00
-4.2547087e+01 -3.3962617e-01 2.7399330e+00 2.7790320e+00 2.5219760e+00
-4.2401229e+01 -3.5000444e-01 2.7620046e+00 2.8021784e+00 2.5430618e+00
-4.2255287e+01 -3.6065378e-01 2.7841288e+00 2.8254146e+00 2.5642325e+00
-4.2109270e+01 -3.7157802e-01 2.8063048e+00 2.8487404e+00 2.5854879e+00
-4.1963184e+01 -3.8278114e-01 2.8285319e+00 2.8721556e+00 2.6068278e+00
-4.1817036e+01 -3.9426732e-01 2.8508093e+00 2.8956598e+00 2.6282521e+00
-4.1670834e+01 -4.0604086e-01 2.8731361e+00 2.9192528e+00 2.6497605e+00
-4.1524585e+01 -4.1810629e-01 2.8955117e+00 2.9429343e+00 2.6713528e+00
-4.1378294e+01 -4.3046829e-01 2.9179352e+00 2.9667041e+00 2.6930289e+00
-4.1231969e+01 -4.4313176e-01 2.9404057e+00 2.9905618e+00 2.7147886e+00
-4.1085614e+01 -4.5610176e-01 2.9629225e+00 3.0145073e+00 2.7366316e+00
-4.0939236e+01 -4.6938360e-01 2.9854847e+00 3.0385403e+00 2.7585577e+00
-4.0792840e+01 -4.8298278e-01 3.0080915e+00 3.0626604e+00 2.7805669e+00
-4.0646431e+01 -4.9690502e-01 3.0307420e+00 3.0868675e+00 2.8026589e+00
-4.0500015e+01 -5.1115629e-01 3.0534354e+00 3.1111612e+00 2.8248335e+00
-4.0353596e+01 -5.2574278e-01 3.0761707e+00 3.1355413e+00 2.8470906e+00
-4.0207178e+01 -5.4067094e-01 3.0989471e+00 3.1600076e+00 2.8694299e+00
-4.0060766e+01 -5.5594747e-01 3.1217637e+00 3.1845597e+00 2.8918513e+00
-3.9914364e+01 -5.7157935e-01 3.1446195e+00 3.2091974e+00 2.9143546e+00
-3.9767976e+01 -5.8757383e-01 3.1675137e+00 3.2339205e+00 2.9369396e+00
-3.9621605e+01 -6.0393844e-01 3.1904453e+00 3.2587286e+00 2.9596062e+00
-3.9475255e+01 -6.2068105e-01 3.2134133e+00 3.2836216e+00 2.9823541e+00
-3.9328929e+01 -6.3780979e-01 3.2364168e+00 3.3085990e+00 3.0051831e+00
-3.9182630e+01 -6.5533316e-01 3.2594549e+00 3.3336608e+00 3.0280931e+00
-3.9036360e+01 -6.7325997e-01 3.2825265e+00 3.3588065e+00 3.0510840e+00
-3.8890123e+01 -6.9159942e-01 3.3056306e+00 3.3840359e+00 3.0741554e+00
-3.8743921e+01 -7.1036103e-01 3.3287663e+00 3.4093487e+00 3.0973072e+00
-3.8597756e+01 -7.2955475e-01 3.3519325e+00 3.4347447e+00 3.1205393e+00
-3.8451629e+01 -7.4919089e-01 3.3751281e+00 3.4602236e+00 3.1438515e+00
-3.8305544e+01 -7.6928021e-01 3.3983522e+00 3.4857851e+00 3.1672435e+00
-3.8159502e+01 -7.8983389e-01 3.4216037e+00 3.5114289e+00 3.1907152e+00
-3.8013505e+01 -8.1086357e-01 3.4448814e+00 3.5371547e+00 3.2142664e+00
-3.7867553e+01 -8.3238133e-01 3.4681844e+00 3.5629623e+00 3.2378969e+00
-3.7721648e+01 -8.5439980e-01 3.4915114e+00 3.5888513e+00 3.2616065e+00
-3.7575792e+01 -8.7693206e-01 3.5148614e+00 3.6148214e+00 3.2853950e+00
-3.7429985e+01 -8.9999179e-01 3.5382333e+00 3.6408725e+00 3.3092622e+00
-3.7284229e+01 -9.2359317e-01 3.5616260e+00 3.6670041e+00 3.3332080e+00
-3.7138524e+01 -9.4775101e-01 3.5850382e+00 3.6932161e+00 3.3572322e+00
-3.6992871e+01 -9.7248069e-01 3.6084688e+00 3.7195080e+00 3.3813344e+00
-3.6847270e+01 -9.9779826e-01 3.6319166e+00 3.7458796e+00 3.4055147e+00
-3.6701723e+01 -1.0237204e+00 3.6553805e+00 3.7723306e+00 3.4297727e+00
-3.6556228e+01 -1.0502645e+00 3.6788592e+00 3.7988607e+00 3.4541083e+00
-3.6410788e+01 -1.0774486e+00 3.7023515e+00 3.8254696e+00 3.4785212e+00
-3.6265401e+01 -1.1052917e+00 3.7258561e+00 3.8521569e+00 3.5030113e+00
-3.6120068e+01 -1.1338133e+00 3.7493719e+00 3.8789225e+00 3.5275784e+00
-3.5974789e+01 -1.1630339e+00 3.7728975e+00 3.9057659e+00 3.5522223e+00
-3.5829564e+01 -1.1929748e+00 3.7964317e+00 3.9326868e+00 3.5769427e+00
-3.5684392e+01 -1.2236581e+00 3.8199732e+00 3.9596850e+00 3.6017395e+00
-3.5539274e+01 -1.2551071e+00 3.8435206e+00 3.9867601e+00 3.6266125e+00
-3.5394210e+01 -1.2873456e+00 3.8670726e+00 4.0139119e+00 3.6515615e+00
-3.5249198e+01 -1.3203989e+00 3.8906280e+00 4.0411399e+00 3.6765862e+00
-3.5104238e+01 -1.3542929e+00 3.9141852e+00 4.0684439e+00 3.7016864e+00
-3.4959331e+01 -1.3890549e+00 3.9377431e+00 4.0958235e+00 3.7268620e+00
-3.4814475e+01 -1.4247132e+00 3.9613001e+00 4.1232784e+00 3.7521128e+00
-3.4669670e+01 -1.4612972e+00 3.9848550e+00 4.1508084e+00 3.7774385e+00
-3.4524915e+01 -1.4988375e+00 4.0084061e+00 4.1784130e+00 3.8028389e+00
-3.4380210e+01 -1.5373662e+00 4.0319523e+00 4.2060919e+00 3.8283139e+00
-3.4235554e+01 -1.5769165e+00 4.0554919e+00 4.2338448e+00 3.8538631e+00
-3.4090946e+01 -1.6175228e+00 4.0790235e+00 4.2616714e+00 3.8794865e+00
-3.3946385e+01 -1.6592213e+00 4.1025456e+00 4.2895713e+00 3.9051837e+00
-3.3801871e+01 -1.7020493e+00 4.1260567e+00 4.3175442e+00 3.9309546e+00
-3.3657402e+01 -1.7460457e+00 4.1495554e+00 4.3455897e+00 3.9567989e+00
-3.3512978e+01 -1.7912510e+00 4.1730400e+00 4.3737075e+00 3.9827165e+00
-3.3368598e+01 -1.8377073e+00 4.1965090e+00 4.4018973e+00 4.0087070e+00
-3.3224261e+01 -1.8854582e+00 4.2199609e+00 4.4301587e+00 4.0347704e+00
-3.3079965e+01 -1.9345492e+00 4.2433940e+00 4.4584913e+00 4.0609064e+00
-3.2935710e+01 -1.9850274e+00 4.2668067e+00 4.4868948e+00 4.0871147e+00
-3.2791495e+01 -2.0369416e+00 4.2901974e+00 4.5153688e+00 4.1133951e+00
-3.2647319e+01 -2.0903427e+00 4.3135645e+00 4.5439131e+00 4.1397475e+00
-3.2503181e+01 -2.1452834e+00 4.3369063e+00 4.5725271e+00 4.1661715e+00
-3.2359079e+01 -2.2018180e+00 4.3602211e+00 4.6012106e+00 4.1926670e+00
-3.2215012e+01 -2.2600033e+00 4.3835072e+00 4.6299632e+00 4.2192337e+00
-3.2070980e+01 -2.3198978e+00 4.4067629e+00 4.6587846e+00 4.2458715e+00
-3.1926980e+01 -2.3815619e+00 4.4299863e+00 4.6876743e+00 4.2725800e+00
-3.1783013e+01 -2.4450585e+00 4.4531758e+00 4.7166320e+00 4.2993590e+00
-3.1639077e+01 -2.5104522e+00 4.4763295e+00 4.7456573e+00 4.3262083e+00
-3.1495170e+01 -2.5778098e+00 4.4994457e+00 4.7747498e+00 4.3531278e+00
-3.1351292e+01 -2.6472005e+00 4.5225224e+00 4.8039092e+00 4.3801170e+00
-3.1207441e+01 -2.7186954e+00 4.5455579e+00 4.8331350e+00 4.4071759e+00
-3.1063616e+01 -2.7923677e+00 4.5685502e+00 4.8624270e+00 4.4343041e+00
-3.0919816e+01 -2.8682930e+00 4.5914974e+00 4.8917846e+00 4.4615015e+00
-3.0776039e+01 -2.9465487e+00 4.6143976e+00 4.9212076e+00 4.4887677e+00
-3.0632285e+01 -3.0272147e+00 4.6372488e+00 4.9506955e+00 4.5161026e+00
-3.0488552e+01 -3.1103726e+00 4.6600490e+00 4.9802480e+00 4.5435059e+00
-3.0344839e+01 -3.1961063e+00 4.6827962e+00 5.0098645e+00 4.5709773e+00
-3.0201145e+01 -3.2845014e+00 4.7054884e+00 5.0395448e+00 4.5985167e+00
-3.0057468e+01 -3.3756455e+00 4.7281235e+00 5.0692885e+00 4.6261237e+00
-2.9913807e+01 -3.4696282e+00 4.7506993e+00 5.0990950e+00 4.6537981e+00
-2.9770161e+01 -3.5665404e+00 4.7732138e+00 5.1289641e+00 4.6815397e+00
-2.9626529e+01 -3.6664749e+00 4.7956648e+00 5.1588954e+00 4.7093482e+00
-2.9482910e+01 -3.7695256e+00 4.8180500e+00 5.1888883e+00 4.7372234e+00
-2.9339301e+01 -3.8757880e+00 4.8403673e+00 5.2189425e+00 4.7651650e+00
-2.9195703e+01 -3.9853582e+00 4.8626144e+00 5.2490576e+00 4.7931727e+00
-2.9052113e+01 -4.0983336e+00 4.8847890e+00 5.2792331e+00 4.8212463e+00
-2.8908531e+01 -4.2148120e+00 4.9068887e+00 5.3094687e+00 4.8493855e+00
-2.8764955e+01 -4.3348913e+00 4.9289111e+00 5.3397639e+00 4.8775901e+00
-2.8621384e+01 -4.4586699e+00 4.9508539e+00 5.3701182e+00 4.9058598e+00
-2.8477817e+01 -4.5862457e+00 4.9727146e+00 5.4005314e+00 4.9341944e+00
-2.8334253e+01 -4.7177158e+00 4.9944907e+00 5.4310028e+00 4.9625935e+00
-2.8190689e+01 -4.8531766e+00 5.0161796e+00 5.4615321e+00 4.9910570e+00
-2.8047126e+01 -4.9927230e+00 5.0377788e+00 5.4921189e+00 5.0195845e+00
-2.7903562e+01 -5.1364479e+00 5.0592857e+00 5.5227627e+00 5.0481758e+00
-2.7759996e+01 -5.2844420e+00 5.0806975e+00 5.5534631e+00 5.0768306e+00
-2.7616426e+01 -5.4367931e+00 5.1020115e+00 5.5842195e+00 5.1055486e+00
-2.7472851e+01 -5.5935857e+00 5.1232249e+00 5.6150317e+00 5.1343295e+00
-2.7329271e+01 -5.7549003e+00 5.1443349e+00 5.6458990e+00 5.1631732e+00
-2.7185683e+01 -5.9208130e+00 5.1653387e+00 5.6768212e+00 5.1920793e+00
-2.7042087e+01 -6.0913944e+00 5.1862332e+00 5.7077976e+00 5.2210475e+00
-2.6898482e+01 -6.2667097e+00 5.2070154e+00 5.7388279e+00 5.2500775e+00
-2.6754866e+01 -6.4468174e+00 5.2276823e+00 5.7699116e+00 5.2791691e+00
-2.6611238e+01 -6.6317688e+00 5.2482307e+00 5.8010483e+00 5.3083220e+00
-2.6467598e+01 -6.8216074e+00 5.2686573e+00 5.8322374e+00 5.3375358e+00
-2.6323943e+01 -7.0163680e+00 5.2889590e+00 5.8634785e+00 5.3668104e+00
-2.6180272e+01 -7.2160761e+00 5.3091324e+00 5.8947711e+00 5.3961454e+00
-2.6036586e+01 -7.4207470e+00 5.3291739e+00 5.9261147e+00 5.4255406e+00
-2.5892882e+01 -7.6303854e+00 5.3490801e+00 5.9575090e+00 5.4549956e+00
-2.5749159e+01 -7.8449842e+00 5.3688474e+00 5.9889533e+00 5.4845101e+00
-2.5605416e+01 -8.0645242e+00 5.3884720e+00 6.0204472e+00 5.5140839e+00
-2.5461653e+01 -8.2889729e+00 5.4079503e+00 6.0519903e+00 5.5437166e+00
-2.5317867e+01 -8.5182845e+00 5.4272782e+00 6.0835820e+00 5.5734080e+00
-2.5174058e+01 -8.7523988e+00 5.4464518e+00 6.1152218e+00 5.6031578e+00
-2.5030225e+01 -8.9912407e+00 5.4654670e+00 6.1469093e+00 5.6329656e+00
-2.4886366e+01 -9.2347197e+00 5.4843196e+00 6.1786440e+00 5.6628312e+00
-2.4742481e+01 -9.4827295e+00 5.5030052e+00 6.2104253e+00 5.6927543e+00
-2.4598569e+01 -9.7351474e+00 5.5215194e+00 6.2422528e+00 5.7227345e+00
-2.4454628e+01 -9.9918341e+00 5.5398575e+00 6.2741259e+00 5.7527715e+00
-2.4310657e+01 -1.0252634e+01 5.5580150e+00 6.3060442e+00 5.7828651e+00
-2.4166655e+01 -1.0517373e+01 5.5759868e+00 6.3380071e+00 5.8130149e+00
-2.4022622e+01 -1.0785862e+01 5.5937681e+00 6.3700142e+00 5.8432206e+00
-2.3878556e+01 -1.1057893e+01 5.6113536e+00 6.4020649e+00 5.8734820e+00
-2.3734456e+01 -1.1333243e+01 5.6287379e+00 6.4341587e+00 5.9037986e+00
-2.3590321e+01 -1.1611671e+01 5.6459157e+00 6.4662951e+00 5.9341702e+00
-2.3446150e+01 -1.1892921e+01 5.6628811e+00 6.4984735e+00 5.9645965e+00
-2.3301941e+01 -1.2176720e+01 5.6796284e+00 6.5306935e+00 5.9950771e+00
-2.3157695e+01 -1.2462782e+01 5.6961514e+00 6.5629545e+00 6.0256118e+00
-2.3013410e+01 -1.2750805e+01 5.7124439e+00 6.5952560e+00 6.0562001e+00
-2.2869085e+01 -1.3040474e+01 5.7284993e+00 6.6275975e+00 6.0868418e+00
-2.2724718e+01 -1.3331463e+01 5.7443109e+00 6.6599784e+00 6.1175366e+00
-2.2580310e+01 -1.3623434e+01 5.7598718e+00 6.6923982e+00 6.1482842e+00
-2.2435858e+01 -1.3916038e+01 5.7751747e+00 6.7248563e+00 6.1790841e+00
-2.2291363e+01 -1.4208920e+01 5.7902122e+00 6.7573523e+00 6.2099361e+00
-2.2146822e+01 -1.4501714e+01 5.8049764e+00 6.7898856e+00 6.2408399e+00
-2.2002235e+01 -1.4794053e+01 5.8194593e+00 6.8224555e+00 6.2717951e+00
-2.1857601e+01 -1.5085560e+01 5.8336526e+00 6.8550617e+00 6.3028013e+00
-2.1712919e+01 -1.5375861e+01 5.8475474e+00 6.8877035e+00 6.3338584e+00
-2.1568188e+01 -1.5664576e+01 5.8611349e+00 6.9203804e+00 6.3649659e+00
-2.1423406e+01 -1.5951330e+01 5.8744056e+00 6.9530919e+00 6.3961235e+00
-2.1278574e+01 -1.6235746e+01 5.8873498e+00 6.9858373e+00 6.4273308e+00
-2.1133690e+01 -1.6517454e+01 5.8999573e+00 7.0186162e+00 6.4585876e+00
-2.0988752e+01 -1.6796088e+01 5.9122175e+00 7.0514279e+00 6.4898934e+00
-2.0843761e+01 -1.7071289e+01 5.9241195e+00 7.0842720e+00 6.5212480e+00
-2.0698715e+01 -1.7342706e+01 5.9356518e+00 7.1171478e+00 6.5526511e+00
-2.0553612e+01 -1.7610000e+01 5.9468025e+00 7.1500548e+00 6.5841022e+00
-2.0408453e+01 -1.7872840e+01 5.9575592e+00 7.1829925e+00 6.6156010e+00
-2.0263235e+01 -1.8130911e+01 5.9679089e+00 7.2159602e+00 6.6471473e+00
-2.0117959e+01 -1.8383910e+01 5.9778382e+00 7.2489574e+00 6.6787406e+00
-1.9972622e+01 -1.8631548e+01 5.9873329e+00 7.2819836e+00 6.7103807e+00
-1.9827225e+01 -1.8873552e+01 5.9963785e+00 7.3150381e+00 6.7420671e+00
-1.9681765e+01 -1.9109668e+01 6.0049597e+00 7.3481205e+00 6.7737996e+00
-1.9536242e+01 -1.9339657e+01 6.0130604e+00 7.3812301e+00 6.8055778e+00
-1.9390655e+01 -1.9563298e+01 6.0206641e+00 7.4143663e+00 6.8374014e+00
-1.9245003e+01 -1.9780388e+01 6.0277534e+00 7.4475287e+00 6.8692701e+00
-1.9099284e+01 -1.9990744e+01 6.0343101e+00 7.4807166e+00 6.9011834e+00
-1.8953498e+01 -2.0194201e+01 6.0403153e+00 7.5139294e+00 6.9331411e+00
-1.8807643e+01 -2.0390614e+01 6.0457493e+00 7.5471667e+00 6.9651429e+00
-1.8661719e+01 -2.0579854e+01 6.0505914e+00 7.5804278e+00 6.9971884e+00
-1.8515723e+01 -2.0761814e+01 6.0548201e+00 7.6137121e+00 7.0292772e+00
-1.8369655e+01 -2.0936404e+01 6.0584129e+00 7.6470192e+00 7.0614091e+00
-1.8223514e+01 -2.1103552e+01 6.0613463e+00 7.6803484e+00 7.0935838e+00
-1.8077298e+01 -2.1263203e+01 6.0635957e+00 7.7136992e+00 7.1258009e+00
-1.7931006e+01 -2.1415321e+01 6.0651356e+00 7.7470710e+00 7.1580600e+00
-1.7784637e+01 -2.1559886e+01 6.0659392e+00 7.7804633e+00 7.1903610e+00
-1.7638189e+01 -2.1696892e+01 6.0659785e+00 7.8138755e+00 7.2227034e+00
-1.7491660e+01 -2.1826351e+01 6.0652244e+00 7.8473070e+00 7.2550871e+00
-1.7345050e+01 -2.1948287e+01 6.0636464e+00 7.8807574e+00 7.2875116e+00
-1.7198356e+01 -2.2062740e+01 6.0612126e+00 7.9142261e+00 7.3199767e+00
-1.7051577e+01 -2.2169761e+01 6.0578898e+00 7.9477125e+00 7.3524821e+00
-1.6904711e+01 -2.2269413e+01 6.0536434e+00 7.9812162e+00 7.3850276e+00
-1.6757756e+01 -2.2361771e+01 6.0484372e+00 8.0147366e+00 7.4176129e+00
-1.6610711e+01 -2.2446920e+01 6.0422334e+00 8.0482731e+00 7.4502376e+00
-1.6463574e+01 -2.2524954e+01 6.0349926e+00 8.0818254e+00 7.4829017e+00
-1.6316341e+01 -2.2595976e+01 6.0266737e+00 8.1153929e+00 7.5156048e+00
-1.6169012e+01 -2.2660098e+01 6.0172337e+00 8.1489752e+00 7.5483468e+00
-1.6021583e+01 -2.2717435e+01 6.0066281e+00 8.1825717e+00 7.5811273e+00
-1.5874052e+01 -2.2768113e+01 5.9948101e+00 8.2161820e+00 7.6139463e+00
-1.5726416e+01 -2.2812259e+01 5.9817313e+00 8.2498056e+00 7.6468036e+00
-1.5578673e+01 -2.2850008e+01 5.9673409e+00 8.2834422e+00 7.6796990e+00
-1.5430819e+01 -2.2881497e+01 5.9515865e+00 8.3170914e+00 7.7126324e+00
-1.5282852e+01 -2.2906866e+01 5.9344130e+00 8.3507527e+00 7.7456036e+00
-1.5134767e+01 -2.2926259e+01 5.9157635e+00 8.3844258e+00 7.7786126e+00
-1.4986562e+01 -2.2939821e+01 5.8955785e+00 8.4181103e+00 7.8116594e+00
-1.4838231e+01 -2.2947698e+01 5.8737965e+00 8.4518060e+00 7.8447438e+00
-1.4689772e+01 -2.2950038e+01 5.8503532e+00 8.4855124e+00 7.8778660e+00
-1.4541178e+01 -2.2946989e+01 5.8251822e+00 8.5192295e+00 7.9110259e+00
-1.4392446e+01 -2.2938698e+01 5.7982143e+00 8.5529568e+00 7.9442235e+00
-1.4243570e+01 -2.2925311e+01 5.7693779e+00 8.5866943e+00 7.9774591e+00
-1.4094545e+01 -2.2906976e+01 5.7385987e+00 8.6204418e+00 8.0107328e+00
-1.3945365e+01 -2.2883837e+01 5.7057997e+00 8.6541992e+00 8.0440447e+00
-1.3796022e+01 -2.2856036e+01 5.6709014e+00 8.6879663e+00 8.0773952e+00
-1.3646511e+01 -2.2823715e+01 5.6338215e+00 8.7217432e+00 8.1107844e+00
-1.3496824e+01 -2.2787014e+01 5.5944747e+00 8.7555298e+00 8.1442129e+00
-1.3346952e+01 -2.2746068e+01 5.5527734e+00 8.7893263e+00 8.1776809e+00
-1.3196888e+01 -2.2701011e+01 5.5086269e+00 8.8231328e+00 8.2111890e+00
-1.3046623e+01 -2.2651974e+01 5.4619420e+00 8.8569494e+00 8.2447378e+00
-1.2896145e+01 -2.2599086e+01 5.4126226e+00 8.8907765e+00 8.2783279e+00
-1.2745445e+01 -2.2542470e+01 5.3605701e+00 8.9246143e+00 8.3119599e+00
-1.2594512e+01 -2.2482249e+01 5.3056830e+00 8.9584633e+00 8.3456348e+00
-1.2443333e+01 -2.2418539e+01 5.2478577e+00 8.9923240e+00 8.3793534e+00
-1.2291896e+01 -2.2351457e+01 5.1869877e+00 9.0261968e+00 8.4131166e+00
-1.2140187e+01 -2.2281112e+01 5.1229644e+00 9.0600825e+00 8.4469256e+00
-1.1988191e+01 -2.2207613e+01 5.0556768e+00 9.0939818e+00 8.4807815e+00
-1.1835892e+01 -2.2131062e+01 4.9850121e+00 9.1278956e+00 8.5146856e+00
-1.1683274e+01 -2.2051560e+01 4.9108554e+00 9.1618247e+00 8.5486394e+00
-1.1530320e+01 -2.1969202e+01 4.8330902e+00 9.1957702e+00 8.5826444e+00
-1.1377010e+01 -2.1884082e+01 4.7515984e+00 9.2297332e+00 8.6167022e+00
-1.1223326e+01 -2.1796288e+01 4.6662610e+00 9.2637150e+00 8.6508145e+00
-1.1069245e+01 -2.1705906e+01 4.5769577e+00 9.2977168e+00 8.6849833e+00
-1.0914748e+01 -2.1613017e+01 4.4835681e+00 9.3317402e+00 8.7192104e+00
-1.0759811e+01 -2.1517698e+01 4.3859711e+00 9.3657865e+00 8.7534980e+00
-1.0604411e+01 -2.1420025e+01 4.2840462e+00 9.3998575e+00 8.7878483e+00
-1.0448524e+01 -2.1320068e+01 4.1776731e+00 9.4339547e+00 8.8222634e+00
-1.0292125e+01 -2.1217896e+01 4.0667327e+00 9.4680799e+00 8.8567457e+00
-1.0135190e+01 -2.1113572e+01 3.9511076e+00 9.5022348e+00 8.8912976e+00
-9.9776932e+00 -2.1007159e+01 3.8306822e+00 9.5364211e+00 8.9259214e+00
-9.8196101e+00 -2.0898716e+01 3.7053435e+00 9.5706406e+00 8.9606193e+00
-9.6609170e+00 -2.0788298e+01 3.5749818e+00 9.6048947e+00 8.9953937e+00
-9.5015913e+00 -2.0675960e+01 3.4394910e+00 9.6391851e+00 9.0302464e+00
-9.3416121e+00 -2.0561754e+01 3.2987694e+00 9.6735129e+00 9.0651795e+00
-9.1809616e+00 -2.0445732e+01 3.1527203e+00 9.7078791e+00 9.1001943e+00
-9.0196254e+00 -2.0327941e+01 3.0012528e+00 9.7422843e+00 9.1352920e+00
-8.8575937e+00 -2.0208432e+01 2.8442819e+00 9.7767287e+00 9.1704730e+00
-8.6948628e+00 -2.0087254e+01 2.6817299e+00 9.8112116e+00 9.2057373e+00
-8.5314361e+00 -1.9964456e+01 2.5135265e+00 9.8457319e+00 9.2410837e+00
-8.3673254e+00 -1.9840089e+01 2.3396098e+00 9.8802873e+00 9.2765104e+00
-8.2025533e+00 -1.9714207e+01 2.1599265e+00 9.9148747e+00 9.3120140e+00
-8.0371538e+00 -1.9586865e+01 1.9744330e+00 9.9494897e+00 9.3475899e+00
-7.8711750e+00 -1.9458124e+01 1.7830958e+00 9.9841262e+00 9.3832319e+00
-7.7046799e+00 -1.9328047e+01 1.5858920e+00 1.0018777e+01 9.4189320e+00
-7.5377483e+00 -1.9196704e+01 1.3828101e+00 1.0053433e+01 9.4546802e+00
-7.3704782e+00 -1.9064170e+01 1.1738508e+00 1.0088083e+01 9.4904645e+00
-7.2029862e+00 -1.8930528e+01 9.5902727e-01 1.0122714e+01 9.5262705e+00
-7.0354080e+00 -1.8795867e+01 7.3836612e-01 1.0157311e+01 9.5620819e+00
-6.8678983e+00 -1.8660281e+01 5.1190816e-01 1.0191857e+01 9.5978798e+00
-6.7006295e+00 -1.8523874e+01 2.7970918e-01 1.0226335e+01 9.6336435e+00
-6.5337902e+00 -1.8386755e+01 4.1840895e-02 1.0260723e+01 9.6693503e+00
-6.3675822e+00 -1.8249036e+01 -2.0160815e-01 1.0294999e+01 9.7049758e+00
-6.2022177e+00 -1.8110836e+01 -4.5053155e-01 1.0329142e+01 9.7404947e+00
-6.0379149e+00 -1.7972276e+01 -7.0480404e-01 1.0363128e+01 9.7758808e+00
-5.8748939e+00 -1.7833478e+01 -9.6428052e-01 1.0396934e+01 9.8111076e+00
-5.7133717e+00 -1.7694564e+01 -1.2287952e+00 1.0430536e+01 9.8461490e+00
-5.5535585e+00 -1.7555651e+01 -1.4981606e+00 1.0463912e+01 9.8809797e+00
-5.3956522e+00 -1.7416855e+01 -1.7721674e+00 1.0497041e+01 9.9155759e+00
-5.2398358e+00 -1.7278284e+01 -2.0505836e+00 1.0529904e+01 9.9499154e+00
-5.0862735e+00 -1.7140042e+01 -2.3331545e+00 1.0562483e+01 9.9839782e+00
-4.9351087e+00 -1.7002221e+01 -2.6196033e+00 1.0594764e+01 1.0017747e+01
-4.7864627e+00 -1.6864908e+01 -2.9096308e+00 1.0626733e+01 1.0051206e+01
-4.6404335e+00 -1.6728179e+01 -3.2029169e+00 1.0658379e+01 1.0084344e+01
-4.4970968e+00 -1.6592100e+01 -3.4991213e+00 1.0689695e+01 1.0117151e+01
-4.3565058e+00 -1.6456730e+01 -3.7978846e+00 1.0720674e+01 1.0149620e+01
-4.2186931e+00 -1.6322119e+01 -4.0988302e+00 1.0751314e+01 1.0181747e+01
-4.0836723e+00 -1.6188307e+01 -4.4015661e+00 1.0781612e+01 1.0213529e+01
-3.9514398e+00 -1.6055329e+01 -4.7056864e+00 1.0811570e+01 1.0244965e+01
-3.8219768e+00 -1.5923212e+01 -5.0107736e+00 1.0841187e+01 1.0276058e+01
-3.6952516e+00 -1.5791976e+01 -5.3164009e+00 1.0870468e+01 1.0306811e+01
-3.5712215e+00 -1.5661639e+01 -5.6221341e+00 1.0899417e+01 1.0337227e+01
-3.4498347e+00 -1.5532210e+01 -5.9275342e+00 1.0928039e+01 1.0367312e+01
-3.3310324e+00 -1.5403697e+01 -6.2321596e+00 1.0956341e+01 1.0397074e+01
-3.2147500e+00 -1.5276104e+01 -6.5355680e+00 1.0984328e+01 1.0426518e+01
-3.1009188e+00 -1.5149433e+01 -6.8373195e+00 1.1012008e+01 1.0455652e+01
-2.9894671e+00 -1.5023682e+01 -7.1369781e+00 1.1039388e+01 1.0484485e+01
-2.8803216e+00 -1.4898849e+01 -7.4341141e+00 1.1066476e+01 1.0513024e+01
-2.7734080e+00 -1.4774929e+01 -7.7283061e+00 1.1093279e+01 1.0541277e+01
-2.6686516e+00 -1.4651917e+01 -8.0191434e+00 1.1119805e+01 1.0569254e+01
-2.5659786e+00 -1.4529807e+01 -8.3062271e+00 1.1146062e+01 1.0596962e+01
-2.4653159e+00 -1.4408591e+01 -8.5891726e+00 1.1172057e+01 1.0624410e+01
-2.3665920e+00 -1.4288263e+01 -8.8676107e+00 1.1197798e+01 1.0651606e+01
-2.2697368e+00 -1.4168814e+01 -9.1411892e+00 1.1223291e+01 1.0678558e+01
-2.1746825e+00 -1.4050236e+01 -9.4095741e+00 1.1248544e+01 1.0705273e+01
-2.0813630e+00 -1.3932523e+01 -9.6724511e+00 1.1273563e+01 1.0731759e+01
-1.9897147e+00 -1.3815664e+01 -9.9295261e+00 1.1298355e+01 1.0758023e+01
-1.8996762e+00 -1.3699653e+01 -1.0180526e+01 1.1322927e+01 1.0784073e+01
-1.8111884e+00 -1.3584482e+01 -1.0425200e+01 1.1347284e+01 1.0809916e+01
-1.7241944e+00 -1.3470142e+01 -1.0663320e+01 1.1371432e+01 1.0835557e+01
-1.6386398e+00 -1.3356627e+01 -1.0894679e+01 1.1395376e+01 1.0861003e+01
-1.5544723e+00 -1.3243928e+01 -1.1119093e+01 1.1419123e+01 1.0886261e+01
-1.4716419e+00 -1.3132039e+01 -1.1336403e+01 1.1442676e+01 1.0911335e+01
-1.3901007e+00 -1.3020952e+01 -1.1546469e+01 1.1466042e+01 1.0936232e+01
-1.3098028e+00 -1.2910661e+01 -1.1749176e+01 1.1489224e+01 1.0960957e+01
-1.2307044e+00 -1.2801158e+01 -1.1944430e+01 1.1512227e+01 1.0985516e+01
-1.1527635e+00 -1.2692437e+01 -1.2132158e+01 1.1535055e+01 1.1009912e+01
-1.0759402e+00 -1.2584492e+01 -1.2312308e+01 1.1557712e+01 1.1034151e+01
-1.0001961e+00 -1.2477317e+01 -1.2484848e+01 1.1580201e+01 1.1058238e+01
-9.2549454e-01 -1.2370904e+01 -1.2649766e+01 1.1602527e+01 1.1082176e+01
-8.5180049e-01 -1.2265249e+01 -1.2807066e+01 1.1624692e+01 1.1105970e+01
-7.7908046e-01 -1.2160346e+01 -1.2956771e+01 1.1646701e+01 1.1129624e+01
-7.0730239e-01 -1.2056189e+01 -1.3098920e+01 1.1668555e+01 1.1153141e+01
-6.3643559e-01 -1.1952772e+01 -1.3233569e+01 1.1690258e+01 1.1176526e+01
-5.6645069e-01 -1.1850089e+01 -1.3360785e+01 1.1711812e+01 1.1199782e+01
-4.9731957e-01 -1.1748136e+01 -1.3480651e+01 1.1733221e+01 1.1222912e+01
-4.2901527e-01 -1.1646907e+01 -1.3593262e+01 1.1754485e+01 1.1245920e+01
-3.6151196e-01 -1.1546398e+01 -1.3698723e+01 1.1775608e+01 1.1268809e+01
-2.9478489e-01 -1.1446601e+01 -1.3797150e+01 1.1796592e+01 1.1291581e+01
-2.2881027e-01 -1.1347514e+01 -1.3888668e+01 1.1817439e+01 1.1314240e+01
-1.6356532e-01 -1.1249130e+01 -1.3973411e+01 1.1838150e+01 1.1336788e+01
-9.9028118e-02 -1.1151444e+01 -1.4051519e+01 1.1858726e+01 1.1359229e+01
-3.5177630e-02 -1.1054453e+01 -1.4123140e+01 1.1879171e+01 1.1381564e+01
2.8006374e-02 -1.0958150e+01 -1.4188424e+01 1.1899485e+01 1.1403796e+01
9.0543349e-02 -1.0862531e+01 -1.4247530e+01 1.1919669e+01 1.1425929e+01
1.5245202e-01 -1.0767591e+01 -1.4300618e+01 1.1939724e+01 1.1447963e+01
2.1375040e-01 -1.0673326e+01 -1.4347852e+01 1.1959652e+01 1.1469901e+01
2.7445586e-01 -1.0579730e+01 -1.4389398e+01 1.1979454e+01 1.1491746e+01
3.3458514e-01 -1.0486799e+01 -1.4425423e+01 1.1999130e+01 1.1513500e+01
3.9415436e-01 -1.0394527e+01 -1.4456097e+01 1.2018681e+01 1.1535164e+01
4.5317911e-01 -1.0302911e+01 -1.4481588e+01 1.2038108e+01 1.1556741e+01
5.1167441e-01 -1.0211946e+01 -1.4502067e+01 1.2057410e+01 1.1578232e+01
5.6965478e-01 -1.0121627e+01 -1.4517701e+01 1.2076589e+01 1.1599639e+01
6.2713425e-01 -1.0031948e+01 -1.4528659e+01 1.2095645e+01 1.1620965e+01
6.8412637e-01 -9.9429064e+00 -1.4535106e+01 1.2114577e+01 1.1642210e+01
7.4064428e-01 -9.8544962e+00 -1.4537208e+01 1.2133386e+01 1.1663378e+01
7.9670066e-01 -9.7667130e+00 -1.4535126e+01 1.2152071e+01 1.1684468e+01
8.5230782e-01 -9.6795521e+00 -1.4529022e+01 1.2170632e+01 1.1705483e+01
9.0747768e-01 -9.5930089e+00 -1.4519052e+01 1.2189070e+01 1.1726424e+01
9.6222177e-01 -9.5070786e+00 -1.4505372e+01 1.2207382e+01 1.1747293e+01
1.0165513e+00 -9.4217565e+00 -1.4488133e+01 1.2225569e+01 1.1768091e+01
1.0704771e+00 -9.3370379e+00 -1.4467483e+01 1.2243629e+01 1.1788820e+01
1.1240098e+00 -9.2529181e+00 -1.4443569e+01 1.2261562e+01 1.1809481e+01
1.1771596e+00 -9.1693923e+00 -1.4416532e+01 1.2279366e+01 1.1830076e+01
1.2299365e+00 -9.0864560e+00 -1.4386511e+01 1.2297041e+01 1.1850605e+01
1.2823500e+00 -9.0041044e+00 -1.4353640e+01 1.2314584e+01 1.1871070e+01
1.3344098e+00 -8.9223326e+00 -1.4318051e+01 1.2331995e+01 1.1891472e+01
1.3861248e+00 -8.8411362e+00 -1.4279872e+01 1.2349271e+01 1.1911813e+01
1.4375041e+00 -8.7605102e+00 -1.4239226e+01 1.2366410e+01 1.1932093e+01
