3.1086130e+01 -8.5007744e+01 -8.5003198e+01 -8.5001024e+01 -8.5000610e+01
3.2051100e+01 -8.5015358e+01 -8.5006363e+01 -8.5002039e+01 -8.5001215e+01
3.2900144e+01 -8.5022847e+01 -8.5009495e+01 -8.5003046e+01 -8.5001816e+01
3.3635328e+01 -8.5030216e+01 -8.5012597e+01 -8.5004045e+01 -8.5002413e+01
3.4253034e+01 -8.5037468e+01 -8.5015669e+01 -8.5005037e+01 -8.5003005e+01
3.4736020e+01 -8.5044605e+01 -8.5018711e+01 -8.5006021e+01 -8.5003593e+01
3.5085558e+01 -8.5051631e+01 -8.5021725e+01 -8.5006997e+01 -8.5004176e+01
3.5328585e+01 -8.5058547e+01 -8.5024712e+01 -8.5007966e+01 -8.5004756e+01
3.5488229e+01 -8.5065356e+01 -8.5027671e+01 -8.5008928e+01 -8.5005332e+01
3.5581214e+01 -8.5072058e+01 -8.5030605e+01 -8.5009883e+01 -8.5005904e+01
3.5625314e+01 -8.5078655e+01 -8.5033513e+01 -8.5010832e+01 -8.5006471e+01
3.5631676e+01 -8.5085149e+01 -8.5036396e+01 -8.5011773e+01 -8.5007035e+01
3.5609747e+01 -8.5091541e+01 -8.5039255e+01 -8.5012709e+01 -8.5007596e+01
3.5567096e+01 -8.5097831e+01 -8.5042092e+01 -8.5013638e+01 -8.5008153e+01
3.5508517e+01 -8.5104019e+01 -8.5044906e+01 -8.5014561e+01 -8.5008706e+01
3.5438487e+01 -8.5110107e+01 -8.5047699e+01 -8.5015478e+01 -8.5009256e+01
3.5359868e+01 -8.5116094e+01 -8.5050470e+01 -8.5016390e+01 -8.5009803e+01
3.5274776e+01 -8.5121981e+01 -8.5053222e+01 -8.5017296e+01 -8.5010347e+01
3.5185287e+01 -8.5127766e+01 -8.5055954e+01 -8.5018197e+01 -8.5010888e+01
3.5092036e+01 -8.5133451e+01 -8.5058667e+01 -8.5019093e+01 -8.5011426e+01
3.4996645e+01 -8.5139035e+01 -8.5061362e+01 -8.5019984e+01 -8.5011961e+01
3.4899002e+01 -8.5144516e+01 -8.5064039e+01 -8.5020871e+01 -8.5012494e+01
3.4800334e+01 -8.5149894e+01 -8.5066700e+01 -8.5021753e+01 -8.5013024e+01
3.4700255e+01 -8.5155167e+01 -8.5069344e+01 -8.5022630e+01 -8.5013552e+01
3.4599630e+01 -8.5160334e+01 -8.5071972e+01 -8.5023504e+01 -8.5014077e+01
3.4498046e+01 -8.5165391e+01 -8.5074585e+01 -8.5024373e+01 -8.5014600e+01
3.4396059e+01 -8.5170336e+01 -8.5077183e+01 -8.5025238e+01 -8.5015121e+01
3.4293334e+01 -8.5175164e+01 -8.5079767e+01 -8.5026100e+01 -8.5015639e+01
3.4190187e+01 -8.5179870e+01 -8.5082338e+01 -8.5026959e+01 -8.5016156e+01
3.4086384e+01 -8.5184449e+01 -8.5084895e+01 -8.5027813e+01 -8.5016671e+01
3.3982074e+01 -8.5188895e+01 -8.5087439e+01 -8.5028665e+01 -8.5017184e+01
3.3877110e+01 -8.5193202e+01 -8.5089971e+01 -8.5029513e+01 -8.5017695e+01
3.3771533e+01 -8.5197363e+01 -8.5092491e+01 -8.5030359e+01 -8.5018205e+01
3.3665265e+01 -8.5201370e+01 -8.5094999e+01 -8.5031201e+01 -8.5018713e+01
3.3558286e+01 -8.5205215e+01 -8.5097496e+01 -8.5032041e+01 -8.5019220e+01
3.3450560e+01 -8.5208892e+01 -8.5099983e+01 -8.5032879e+01 -8.5019725e+01
3.3342038e+01 -8.5212391e+01 -8.5102459e+01 -8.5033713e+01 -8.5020229e+01
3.3232714e+01 -8.5215705e+01 -8.5104924e+01 -8.5034546e+01 -8.5020731e+01
3.3122530e+01 -8.5218825e+01 -8.5107380e+01 -8.5035376e+01 -8.5021232e+01
3.3011494e+01 -8.5221744e+01 -8.5109827e+01 -8.5036204e+01 -8.5021732e+01
3.2899553e+01 -8.5224452e+01 -8.5112264e+01 -8.5037030e+01 -8.5022231e+01
3.2786723e+01 -8.5226943e+01 -8.5114692e+01 -8.5037854e+01 -8.5022729e+01
3.2672958e+01 -8.5229207e+01 -8.5117112e+01 -8.5038676e+01 -8.5023226e+01
3.2558280e+01 -8.5231237e+01 -8.5119523e+01 -8.5039496e+01 -8.5023722e+01
3.2442656e+01 -8.5233024e+01 -8.5121926e+01 -8.5040315e+01 -8.5024218e+01
3.2326107e+01 -8.5234563e+01 -8.5124321e+01 -8.5041132e+01 -8.5024712e+01
3.2208611e+01 -8.5235843e+01 -8.5126709e+01 -8.5041948e+01 -8.5025206e+01
3.2090193e+01 -8.5236859e+01 -8.5129089e+01 -8.5042762e+01 -8.5025699e+01
3.1970839e+01 -8.5237603e+01 -8.5131461e+01 -8.5043575e+01 -8.5026191e+01
3.1850573e+01 -8.5238066e+01 -8.5133827e+01 -8.5044387e+01 -8.5026682e+01
3.1729395e+01 -8.5238255e+01 -8.5136197e+01 -8.5045210e+01 -8.5027182e+01
3.1607328e+01 -8.5238149e+01 -8.5138561e+01 -8.5046031e+01 -8.5027689e+01
3.1484370e+01 -8.5237741e+01 -8.5140918e+01 -8.5046852e+01 -8.5028186e+01
3.1360550e+01 -8.5237024e+01 -8.5143267e+01 -8.5047671e+01 -8.5028690e+01
3.1235874e+01 -8.5235991e+01 -8.5145611e+01 -8.5048489e+01 -8.5029190e+01
3.1110368e+01 -8.5234633e+01 -8.5147948e+01 -8.5049306e+01 -8.5029689e+01
3.0984043e+01 -8.5232944e+01 -8.5150278e+01 -8.5050122e+01 -8.5030189e+01
3.0856926e+01 -8.5230915e+01 -8.5152603e+01 -8.5050937e+01 -8.5030688e+01
3.0729031e+01 -8.5228540e+01 -8.5154921e+01 -8.5051752e+01 -8.5031187e+01
3.0600382e+01 -8.5225809e+01 -8.5157233e+01 -8.5052566e+01 -8.5031686e+01
3.0470999e+01 -8.5222715e+01 -8.5159539e+01 -8.5053379e+01 -8.5032184e+01
3.0340904e+01 -8.5219248e+01 -8.5161839e+01 -8.5054192e+01 -8.5032682e+01
3.0210118e+01 -8.5215401e+01 -8.5164133e+01 -8.5055004e+01 -8.5033181e+01
3.0078664e+01 -8.5211163e+01 -8.5166422e+01 -8.5055816e+01 -8.5033678e+01
2.9946563e+01 -8.5206526e+01 -8.5168704e+01 -8.5056628e+01 -8.5034176e+01
2.9813837e+01 -8.5201479e+01 -8.5170981e+01 -8.5057439e+01 -8.5034673e+01
2.9680507e+01 -8.5196012e+01 -8.5173252e+01 -8.5058250e+01 -8.5035170e+01
2.9546596e+01 -8.5190114e+01 -8.5175517e+01 -8.5059060e+01 -8.5035667e+01
2.9412125e+01 -8.5183773e+01 -8.5177776e+01 -8.5059871e+01 -8.5036163e+01
2.9277116e+01 -8.5176979e+01 -8.5180030e+01 -8.5060681e+01 -8.5036660e+01
2.9141588e+01 -8.5169717e+01 -8.5182277e+01 -8.5061492e+01 -8.5037156e+01
2.9005564e+01 -8.5161975e+01 -8.5184519e+01 -8.5062302e+01 -8.5037652e+01
2.8869063e+01 -8.5153739e+01 -8.5186755e+01 -8.5063112e+01 -8.5038149e+01
2.8732106e+01 -8.5144996e+01 -8.5188985e+01 -8.5063923e+01 -8.5038645e+01
2.8594712e+01 -8.5135728e+01 -8.5191208e+01 -8.5064733e+01 -8.5039142e+01
2.8456901e+01 -8.5125922e+01 -8.5193425e+01 -8.5065544e+01 -8.5039638e+01
2.8318691e+01 -8.5115559e+01 -8.5195637e+01 -8.5066355e+01 -8.5040135e+01
2.8180101e+01 -8.5104622e+01 -8.5197841e+01 -8.5067166e+01 -8.5040631e+01
2.8041149e+01 -8.5093093e+01 -8.5200039e+01 -8.5067977e+01 -8.5041128e+01
2.7901853e+01 -8.5080953e+01 -8.5202231e+01 -8.5068789e+01 -8.5041625e+01
2.7762229e+01 -8.5068180e+01 -8.5204416e+01 -8.5069601e+01 -8.5042123e+01
2.7622296e+01 -8.5054753e+01 -8.5206594e+01 -8.5070414e+01 -8.5042621e+01
2.7482068e+01 -8.5040650e+01 -8.5208764e+01 -8.5071226e+01 -8.5043119e+01
2.7341563e+01 -8.5025847e+01 -8.5210928e+01 -8.5072040e+01 -8.5043617e+01
2.7200795e+01 -8.5010319e+01 -8.5213084e+01 -8.5072854e+01 -8.5044116e+01
2.7059779e+01 -8.4994041e+01 -8.5215233e+01 -8.5073668e+01 -8.5044615e+01
2.6918531e+01 -8.4976983e+01 -8.5217374e+01 -8.5074483e+01 -8.5045114e+01
2.6777064e+01 -8.4959119e+01 -8.5219507e+01 -8.5075298e+01 -8.5045614e+01
2.6635392e+01 -8.4940417e+01 -8.5221631e+01 -8.5076114e+01 -8.5046115e+01
2.6493529e+01 -8.4920846e+01 -8.5223748e+01 -8.5076931e+01 -8.5046615e+01
2.6351487e+01 -8.4900372e+01 -8.5225855e+01 -8.5077748e+01 -8.5047117e+01
2.6209279e+01 -8.4878962e+01 -8.5227954e+01 -8.5078566e+01 -8.5047619e+01
2.6066917e+01 -8.4856577e+01 -8.5230044e+01 -8.5079385e+01 -8.5048121e+01
2.5924414e+01 -8.4833179e+01 -8.5232124e+01 -8.5080204e+01 -8.5048624e+01
2.5781780e+01 -8.4808730e+01 -8.5234195e+01 -8.5081024e+01 -8.5049128e+01
2.5639026e+01 -8.4783185e+01 -8.5236256e+01 -8.5081845e+01 -8.5049632e+01
2.5496164e+01 -8.4756501e+01 -8.5238307e+01 -8.5082667e+01 -8.5050136e+01
2.5353203e+01 -8.4728632e+01 -8.5240347e+01 -8.5083489e+01 -8.5050642e+01
2.5210153e+01 -8.4699529e+01 -8.5242376e+01 -8.5084313e+01 -8.5051148e+01
2.5067025e+01 -8.4669141e+01 -8.5244394e+01 -8.5085137e+01 -8.5051654e+01
2.4923828e+01 -8.4637414e+01 -8.5246401e+01 -8.5085961e+01 -8.5052162e+01
2.4780570e+01 -8.4604294e+01 -8.5248396e+01 -8.5086787e+01 -8.5052670e+01
2.4637260e+01 -8.4569720e+01 -8.5250378e+01 -8.5087614e+01 -8.5053178e+01
2.4493908e+01 -8.4533633e+01 -8.5252349e+01 -8.5088441e+01 -8.5053688e+01
2.4350520e+01 -8.4495968e+01 -8.5254306e+01 -8.5089270e+01 -8.5054198e+01
2.4207105e+01 -8.4456658e+01 -8.5256250e+01 -8.5090099e+01 -8.5054709e+01
2.4063670e+01 -8.4415632e+01 -8.5258180e+01 -8.5090929e+01 -8.5055220e+01
2.3920223e+01 -8.4372817e+01 -8.5260096e+01 -8.5091760e+01 -8.5055733e+01
2.3776770e+01 -8.4328136e+01 -8.5261997e+01 -8.5092592e+01 -8.5056246e+01
2.3633320e+01 -8.4281508e+01 -8.5263883e+01 -8.5093425e+01 -8.5056760e+01
2.3489877e+01 -8.4232849e+01 -8.5265754e+01 -8.5094259e+01 -8.5057274e+01
2.3346449e+01 -8.4182071e+01 -8.5267609e+01 -8.5095094e+01 -8.5057790e+01
2.3203041e+01 -8.4129081e+01 -8.5269447e+01 -8.5095930e+01 -8.5058306e+01
2.3059660e+01 -8.4073783e+01 -8.5271268e+01 -8.5096766e+01 -8.5058823e+01
2.2916310e+01 -8.4016076e+01 -8.5273071e+01 -8.5097604e+01 -8.5059341e+01
2.2772999e+01 -8.3955855e+01 -8.5274857e+01 -8.5098442e+01 -8.5059859e+01
2.2629730e+01 -8.3893010e+01 -8.5276623e+01 -8.5099282e+01 -8.5060379e+01
2.2486509e+01 -8.3827424e+01 -8.5278371e+01 -8.5100123e+01 -8.5060899e+01
2.2343341e+01 -8.3758978e+01 -8.5280098e+01 -8.5100964e+01 -8.5061420e+01
2.2200231e+01 -8.3687547e+01 -8.5281805e+01 -8.5101806e+01 -8.5061942e+01
2.2057182e+01 -8.3612998e+01 -8.5283491e+01 -8.5102650e+01 -8.5062465e+01
2.1914200e+01 -8.3535194e+01 -8.5285154e+01 -8.5103494e+01 -8.5062988e+01
2.1771289e+01 -8.3453993e+01 -8.5286795e+01 -8.5104339e+01 -8.5063513e+01
2.1628452e+01 -8.3369244e+01 -8.5288413e+01 -8.5105186e+01 -8.5064038e+01
2.1485694e+01 -8.3280792e+01 -8.5290006e+01 -8.5106033e+01 -8.5064564e+01
2.1343018e+01 -8.3188474e+01 -8.5291575e+01 -8.5106881e+01 -8.5065091e+01
2.1200427e+01 -8.3092121e+01 -8.5293118e+01 -8.5107730e+01 -8.5065619e+01
2.1057927e+01 -8.2991554e+01 -8.5294634e+01 -8.5108580e+01 -8.5066148e+01
2.0915518e+01 -8.2886590e+01 -8.5296123e+01 -8.5109431e+01 -8.5066677e+01
2.0773206e+01 -8.2777037e+01 -8.5297584e+01 -8.5110283e+01 -8.5067207e+01
2.0630993e+01 -8.2662694e+01 -8.5299015e+01 -8.5111135e+01 -8.5067739e+01
2.0488881e+01 -8.2543353e+01 -8.5300416e+01 -8.5111989e+01 -8.5068271e+01
2.0346874e+01 -8.2418796e+01 -8.5301785e+01 -8.5112843e+01 -8.5068804e+01
2.0204975e+01 -8.2288798e+01 -8.5303123e+01 -8.5113699e+01 -8.5069338e+01
2.0063185e+01 -8.2153124e+01 -8.5304426e+01 -8.5114555e+01 -8.5069872e+01
1.9921509e+01 -8.2011529e+01 -8.5305696e+01 -8.5115412e+01 -8.5070408e+01
1.9779947e+01 -8.1863760e+01 -8.5306929e+01 -8.5116270e+01 -8.5070944e+01
1.9638502e+01 -8.1709553e+01 -8.5308126e+01 -8.5117128e+01 -8.5071481e+01
1.9497177e+01 -8.1548634e+01 -8.5309284e+01 -8.5117988e+01 -8.5072019e+01
1.9355973e+01 -8.1380720e+01 -8.5310403e+01 -8.5118848e+01 -8.5072558e+01
1.9214893e+01 -8.1205516e+01 -8.5311481e+01 -8.5119709e+01 -8.5073098e+01
1.9073939e+01 -8.1022717e+01 -8.5312516e+01 -8.5120571e+01 -8.5073639e+01
1.8933112e+01 -8.0832007e+01 -8.5313508e+01 -8.5121433e+01 -8.5074180e+01
1.8792414e+01 -8.0633058e+01 -8.5314454e+01 -8.5122297e+01 -8.5074722e+01
1.8651847e+01 -8.0425534e+01 -8.5315354e+01 -8.5123161e+01 -8.5075265e+01
1.8511413e+01 -8.0209083e+01 -8.5316204e+01 -8.5124025e+01 -8.5075809e+01
1.8371113e+01 -7.9983346e+01 -8.5317005e+01 -8.5124891e+01 -8.5076354e+01
1.8230949e+01 -7.9747949e+01 -8.5317753e+01 -8.5125757e+01 -8.5076900e+01
1.8090922e+01 -7.9502510e+01 -8.5318447e+01 -8.5126623e+01 -8.5077446e+01
1.7951033e+01 -7.9246632e+01 -8.5319086e+01 -8.5127491e+01 -8.5077993e+01
1.7811284e+01 -7.8979909e+01 -8.5319666e+01 -8.5128358e+01 -8.5078541e+01
1.7671676e+01 -7.8701924e+01 -8.5320186e+01 -8.5129227e+01 -8.5079090e+01
1.7532210e+01 -7.8412246e+01 -8.5320644e+01 -8.5130096e+01 -8.5079639e+01
1.7392887e+01 -7.8110438e+01 -8.5321038e+01 -8.5130965e+01 -8.5080190e+01
1.7253709e+01 -7.7796047e+01 -8.5321364e+01 -8.5131835e+01 -8.5080741e+01
1.7114677e+01 -7.7468614e+01 -8.5321621e+01 -8.5132706e+01 -8.5081293e+01
1.6975790e+01 -7.7127669e+01 -8.5321806e+01 -8.5133576e+01 -8.5081845e+01
1.6837052e+01 -7.6772732e+01 -8.5321916e+01 -8.5134448e+01 -8.5082399e+01
1.6698461e+01 -7.6403315e+01 -8.5321949e+01 -8.5135319e+01 -8.5082953e+01
1.6560019e+01 -7.6018924e+01 -8.5321901e+01 -8.5136192e+01 -8.5083508e+01
1.6421727e+01 -7.5619055e+01 -8.5321770e+01 -8.5137064e+01 -8.5084063e+01
1.6283586e+01 -7.5203200e+01 -8.5321552e+01 -8.5137937e+01 -8.5084619e+01
1.6145596e+01 -7.4770845e+01 -8.5321244e+01 -8.5138810e+01 -8.5085176e+01
1.6007758e+01 -7.4321474e+01 -8.5320843e+01 -8.5139683e+01 -8.5085734e+01
1.5870072e+01 -7.3854567e+01 -8.5320344e+01 -8.5140556e+01 -8.5086292e+01
1.5732540e+01 -7.3369602e+01 -8.5319745e+01 -8.5141430e+01 -8.5086852e+01
1.5595161e+01 -7.2866060e+01 -8.5319041e+01 -8.5142304e+01 -8.5087411e+01
1.5457937e+01 -7.2343424e+01 -8.5318227e+01 -8.5143178e+01 -8.5087972e+01
1.5320867e+01 -7.1801179e+01 -8.5317301e+01 -8.5144052e+01 -8.5088533e+01
1.5183953e+01 -7.1238818e+01 -8.5316256e+01 -8.5144926e+01 -8.5089094e+01
1.5047194e+01 -7.0655841e+01 -8.5315090e+01 -8.5145800e+01 -8.5089657e+01
1.4910591e+01 -7.0051761e+01 -8.5313796e+01 -8.5146674e+01 -8.5090220e+01
1.4774144e+01 -6.9426101e+01 -8.5312369e+01 -8.5147549e+01 -8.5090783e+01
1.4637854e+01 -6.8778402e+01 -8.5310805e+01 -8.5148423e+01 -8.5091348e+01
1.4501721e+01 -6.8108222e+01 -8.5309097e+01 -8.5149297e+01 -8.5091912e+01
1.4365745e+01 -6.7415141e+01 -8.5307240e+01 -8.5150170e+01 -8.5092478e+01
1.4229927e+01 -6.6698762e+01 -8.5305227e+01 -8.5151044e+01 -8.5093044e+01
1.4094266e+01 -6.5958718e+01 -8.5303053e+01 -8.5151917e+01 -8.5093610e+01
1.3958764e+01 -6.5194669e+01 -8.5300710e+01 -8.5152790e+01 -8.5094177e+01
1.3823419e+01 -6.4406312e+01 -8.5298192e+01 -8.5153663e+01 -8.5094744e+01
1.3688233e+01 -6.3593377e+01 -8.5295490e+01 -8.5154536e+01 -8.5095313e+01
1.3553205e+01 -6.2755639e+01 -8.5292599e+01 -8.5155408e+01 -8.5095881e+01
1.3418336e+01 -6.1892914e+01 -8.5289508e+01 -8.5156280e+01 -8.5096450e+01
1.3283625e+01 -6.1005066e+01 -8.5286211e+01 -8.5157151e+01 -8.5097020e+01
1.3149073e+01 -6.0092009e+01 -8.5282698e+01 -8.5158021e+01 -8.5097590e+01
1.3014680e+01 -5.9153711e+01 -8.5278961e+01 -8.5158892e+01 -8.5098160e+01
1.2880445e+01 -5.8190198e+01 -8.5274988e+01 -8.5159761e+01 -8.5098731e+01
1.2746370e+01 -5.7201555e+01 -8.5270771e+01 -8.5160630e+01 -8.5099302e+01
1.2612453e+01 -5.6187930e+01 -8.5266299e+01 -8.5161498e+01 -8.5099874e+01
1.2478695e+01 -5.5149537e+01 -8.5261561e+01 -8.5162366e+01 -8.5100446e+01
1.2345095e+01 -5.4086659e+01 -8.5256544e+01 -8.5163233e+01 -8.5101018e+01
1.2211655e+01 -5.2999648e+01 -8.5251238e+01 -8.5164099e+01 -8.5101591e+01
1.2078373e+01 -5.1888928e+01 -8.5245629e+01 -8.5164964e+01 -8.5102164e+01
1.1945249e+01 -5.0754997e+01 -8.5239704e+01 -8.5165828e+01 -8.5102737e+01
1.1812284e+01 -4.9598430e+01 -8.5233449e+01 -8.5166691e+01 -8.5103311e+01
1.1679477e+01 -4.8419875e+01 -8.5226850e+01 -8.5167553e+01 -8.5103885e+01
1.1546829e+01 -4.7220057e+01 -8.5219890e+01 -8.5168414e+01 -8.5104460e+01
1.1414338e+01 -4.5999776e+01 -8.5212554e+01 -8.5169274e+01 -8.5105034e+01
1.1282006e+01 -4.4759908e+01 -8.5204826e+01 -8.5170133e+01 -8.5105609e+01
1.1149831e+01 -4.3501403e+01 -8.5196686e+01 -8.5170990e+01 -8.5106184e+01
1.1017814e+01 -4.2225284e+01 -8.5188118e+01 -8.5171847e+01 -8.5106759e+01
1.0885954e+01 -4.0932641e+01 -8.5179101e+01 -8.5172702e+01 -8.5107335e+01
1.0754251e+01 -3.9624636e+01 -8.5169616e+01 -8.5173555e+01 -8.5107911e+01
1.0622706e+01 -3.8302493e+01 -8.5159640e+01 -8.5174407e+01 -8.5108486e+01
1.0491317e+01 -3.6967495e+01 -8.5149152e+01 -8.5175258e+01 -8.5109062e+01
1.0360084e+01 -3.5620983e+01 -8.5138127e+01 -8.5176107e+01 -8.5109638e+01
1.0229008e+01 -3.4264351e+01 -8.5126542e+01 -8.5176954e+01 -8.5110215e+01
1.0098088e+01 -3.2899036e+01 -8.5114370e+01 -8.5177800e+01 -8.5110791e+01
9.9673240e+00 -3.1526520e+01 -8.5101584e+01 -8.5178644e+01 -8.5111367e+01
9.8367153e+00 -3.0148317e+01 -8.5088157e+01 -8.5179487e+01 -8.5111944e+01
9.7062617e+00 -2.8765972e+01 -8.5074058e+01 -8.5180327e+01 -8.5112520e+01
9.5759630e+00 -2.7381051e+01 -8.5059255e+01 -8.5181166e+01 -8.5113096e+01
9.4458190e+00 -2.5995136e+01 -8.5043717e+01 -8.5182002e+01 -8.5113673e+01
9.3158292e+00 -2.4609821e+01 -8.5027408e+01 -8.5182837e+01 -8.5114249e+01
9.1859935e+00 -2.3226698e+01 -8.5010293e+01 -8.5183669e+01 -8.5114826e+01
9.0563114e+00 -2.1847358e+01 -8.4992334e+01 -8.5184500e+01 -8.5115402e+01
8.9267826e+00 -2.0473378e+01 -8.4973491e+01 -8.5185328e+01 -8.5115978e+01
8.7974068e+00 -1.9106318e+01 -8.4953722e+01 -8.5186153e+01 -8.5116554e+01
8.6681836e+00 -1.7747713e+01 -8.4932984e+01 -8.5186977e+01 -8.5117130e+01
8.5391127e+00 -1.6399068e+01 -8.4911231e+01 -8.5187798e+01 -8.5117706e+01
8.4101937e+00 -1.5061848e+01 -8.4888415e+01 -8.5188616e+01 -8.5118282e+01
8.2814262e+00 -1.3737477e+01 -8.4864485e+01 -8.5189432e+01 -8.5118857e+01
8.1528099e+00 -1.2427330e+01 -8.4839388e+01 -8.5190246e+01 -8.5119432e+01
8.0243443e+00 -1.1132728e+01 -8.4813070e+01 -8.5191057e+01 -8.5120007e+01
7.8960291e+00 -9.8549338e+00 -8.4785471e+01 -8.5191864e+01 -8.5120582e+01
7.7678638e+00 -8.5951487e+00 -8.4756530e+01 -8.5192669e+01 -8.5121156e+01
7.6398481e+00 -7.3545074e+00 -8.4726185e+01 -8.5193472e+01 -8.5121731e+01
7.5119815e+00 -6.1340756e+00 -8.4694367e+01 -8.5194271e+01 -8.5122304e+01
7.3842636e+00 -4.9348475e+00 -8.4661006e+01 -8.5195067e+01 -8.5122878e+01
7.2566940e+00 -3.7577436e+00 -8.4626028e+01 -8.5195860e+01 -8.5123451e+01
7.1292723e+00 -2.6036091e+00 -8.4589356e+01 -8.5196650e+01 -8.5124024e+01
7.0019980e+00 -1.4732127e+00 -8.4550908e+01 -8.5197436e+01 -8.5124596e+01
6.8748706e+00 -3.6724659e-01 -8.4510600e+01 -8.5198219e+01 -8.5125168e+01
6.7478898e+00 7.1367425e-01 -8.4468343e+01 -8.5198999e+01 -8.5125739e+01
6.6210550e+00 1.7690112e+00 -8.4424042e+01 -8.5199775e+01 -8.5126310e+01
6.4943658e+00 2.7983012e+00 -8.4377599e+01 -8.5200548e+01 -8.5126880e+01
6.3678217e+00 3.8011557e+00 -8.4328913e+01 -8.5201317e+01 -8.5127450e+01
6.2414223e+00 4.7772589e+00 -8.4277876e+01 -8.5202082e+01 -8.5128019e+01
6.1151671e+00 5.7263659e+00 -8.4224374e+01 -8.5202843e+01 -8.5128588e+01
5.9890555e+00 6.6483000e+00 -8.4168290e+01 -8.5203600e+01 -8.5129156e+01
5.8630872e+00 7.5429509e+00 -8.4109499e+01 -8.5204354e+01 -8.5129723e+01
5.7372615e+00 8.4102713e+00 -8.4047874e+01 -8.5205103e+01 -8.5130290e+01
5.6115781e+00 9.2502741e+00 -8.3983277e+01 -8.5205848e+01 -8.5130856e+01
5.4860363e+00 1.0063030e+01 -8.3915568e+01 -8.5206589e+01 -8.5131422e+01
5.3606358e+00 1.0848662e+01 -8.3844597e+01 -8.5207325e+01 -8.5131986e+01
5.2353759e+00 1.1607345e+01 -8.3770210e+01 -8.5208057e+01 -8.5132550e+01
5.1102562e+00 1.2339301e+01 -8.3692244e+01 -8.5208784e+01 -8.5133113e+01
4.9852761e+00 1.3044795e+01 -8.3610528e+01 -8.5209507e+01 -8.5133675e+01
4.8604352e+00 1.3724134e+01 -8.3524886e+01 -8.5210225e+01 -8.5134236e+01
4.7357328e+00 1.4377659e+01 -8.3435132e+01 -8.5210938e+01 -8.5134797e+01
4.6111684e+00 1.5005748e+01 -8.3341071e+01 -8.5211647e+01 -8.5135356e+01
4.4867416e+00 1.5608805e+01 -8.3242502e+01 -8.5212350e+01 -8.5135915e+01
4.3624517e+00 1.6187266e+01 -8.3139212e+01 -8.5213048e+01 -8.5136472e+01
4.2382983e+00 1.6741586e+01 -8.3030981e+01 -8.5213741e+01 -8.5137029e+01
4.1142807e+00 1.7272245e+01 -8.2917578e+01 -8.5214429e+01 -8.5137584e+01
3.9903984e+00 1.7779739e+01 -8.2798764e+01 -8.5215111e+01 -8.5138139e+01
3.8666508e+00 1.8264580e+01 -8.2674286e+01 -8.5215787e+01 -8.5138692e+01
3.7430375e+00 1.8727292e+01 -8.2543885e+01 -8.5216458e+01 -8.5139244e+01
3.6195577e+00 1.9168409e+01 -8.2407289e+01 -8.5217124e+01 -8.5139795e+01
3.4962111e+00 1.9588474e+01 -8.2264214e+01 -8.5217783e+01 -8.5140345e+01
3.3729969e+00 1.9988036e+01 -8.2114366e+01 -8.5218436e+01 -8.5140893e+01
3.2499146e+00 2.0367647e+01 -8.1957438e+01 -8.5219084e+01 -8.5141441e+01
3.1269637e+00 2.0727861e+01 -8.1793112e+01 -8.5219725e+01 -8.5141987e+01
3.0041435e+00 2.1069231e+01 -8.1621057e+01 -8.5220360e+01 -8.5142531e+01
2.8814536e+00 2.1392312e+01 -8.1440930e+01 -8.5220988e+01 -8.5143075e+01
2.7588932e+00 2.1697652e+01 -8.1252375e+01 -8.5221610e+01 -8.5143617e+01
2.6364618e+00 2.1985798e+01 -8.1055023e+01 -8.5222226e+01 -8.5144157e+01
2.5141589e+00 2.2257289e+01 -8.0848490e+01 -8.5222834e+01 -8.5144696e+01
2.3919838e+00 2.2512661e+01 -8.0632383e+01 -8.5223436e+01 -8.5145234e+01
2.2699360e+00 2.2752438e+01 -8.0406291e+01 -8.5224030e+01 -8.5145770e+01
2.1480148e+00 2.2977141e+01 -8.0169792e+01 -8.5224618e+01 -8.5146304e+01
2.0262197e+00 2.3187277e+01 -7.9922449e+01 -8.5225198e+01 -8.5146837e+01
1.9045502e+00 2.3383348e+01 -7.9663814e+01 -8.5225771e+01 -8.5147368e+01
1.7830055e+00 2.3565842e+01 -7.9393424e+01 -8.5226336e+01 -8.5147897e+01
1.6615852e+00 2.3735239e+01 -7.9110801e+01 -8.5226893e+01 -8.5148424e+01
1.5402886e+00 2.3892007e+01 -7.8815457e+01 -8.5227443e+01 -8.5148950e+01
1.4191152e+00 2.4036603e+01 -7.8506890e+01 -8.5227984e+01 -8.5149474e+01
1.2980644e+00 2.4169471e+01 -7.8184586e+01 -8.5228518e+01 -8.5149996e+01
1.1771356e+00 2.4291047e+01 -7.7848019e+01 -8.5229043e+01 -8.5150516e+01
1.0563282e+00 2.4401751e+01 -7.7496651e+01 -8.5229560e+01 -8.5151034e+01
9.3564166e-01 2.4501993e+01 -7.7129936e+01 -8.5230068e+01 -8.5151549e+01
8.1507543e-01 2.4592172e+01 -7.6747315e+01 -8.5230567e+01 -8.5152063e+01
6.9462893e-01 2.4672673e+01 -7.6348223e+01 -8.5231058e+01 -8.5152575e+01
5.7430162e-01 2.4743872e+01 -7.5932087e+01 -8.5231539e+01 -8.5153084e+01
4.5409293e-01 2.4806129e+01 -7.5498327e+01 -8.5232011e+01 -8.5153591e+01
3.3400232e-01 2.4859797e+01 -7.5046357e+01 -8.5232473e+01 -8.5154095e+01
2.1402925e-01 2.4905215e+01 -7.4575589e+01 -8.5232926e+01 -8.5154598e+01
9.4173189e-02 2.4942710e+01 -7.4085433e+01 -8.5233369e+01 -8.5155097e+01
-2.5566392e-02 2.4972600e+01 -7.3575300e+01 -8.5233802e+01 -8.5155594e+01
-1.4519002e-01 2.4995191e+01 -7.3044601e+01 -8.5234225e+01 -8.5156089e+01
-2.6469819e-01 2.5010778e+01 -7.2492752e+01 -8.5234637e+01 -8.5156581e+01
-3.8409144e-01 2.5019646e+01 -7.1919178e+01 -8.5235039e+01 -8.5157070e+01
-5.0337025e-01 2.5022069e+01 -7.1323311e+01 -8.5235430e+01 -8.5157556e+01
-6.2253514e-01 2.5018313e+01 -7.0704596e+01 -8.5235810e+01 -8.5158039e+01
-7.4158660e-01 2.5008631e+01 -7.0062493e+01 -8.5236178e+01 -8.5158519e+01
-8.6052514e-01 2.4993270e+01 -6.9396480e+01 -8.5236535e+01 -8.5158996e+01
-9.7935124e-01 2.4972466e+01 -6.8706057e+01 -8.5236880e+01 -8.5159470e+01
-1.0980654e+00 2.4946445e+01 -6.7990749e+01 -8.5237213e+01 -8.5159940e+01
-1.2166682e+00 2.4915428e+01 -6.7250109e+01 -8.5237534e+01 -8.5160407e+01
-1.3351601e+00 2.4879623e+01 -6.6483724e+01 -8.5237842e+01 -8.5160870e+01
-1.4535418e+00 2.4839233e+01 -6.5691215e+01 -8.5238138e+01 -8.5161330e+01
-1.5718137e+00 2.4794452e+01 -6.4872244e+01 -8.5238420e+01 -8.5161787e+01
-1.6899764e+00 2.4745468e+01 -6.4026518e+01 -8.5238690e+01 -8.5162239e+01
-1.8080308e+00 2.4692458e+01 -6.3153792e+01 -8.5238945e+01 -8.5162687e+01
-1.9259774e+00 2.4635596e+01 -6.2253872e+01 -8.5239187e+01 -8.5163132e+01
-2.0438171e+00 2.4575047e+01 -6.1326622e+01 -8.5239415e+01 -8.5163572e+01
-2.1615507e+00 2.4510969e+01 -6.0371966e+01 -8.5239629e+01 -8.5164009e+01
-2.2791793e+00 2.4443515e+01 -5.9389890e+01 -8.5239828e+01 -8.5164441e+01
-2.3967038e+00 2.4372833e+01 -5.8380452e+01 -8.5240012e+01 -8.5164869e+01
-2.5141254e+00 2.4299061e+01 -5.7343777e+01 -8.5240181e+01 -8.5165292e+01
-2.6314456e+00 2.4222335e+01 -5.6280070e+01 -8.5240335e+01 -8.5165712e+01
-2.7486657e+00 2.4142785e+01 -5.5189608e+01 -8.5240473e+01 -8.5166126e+01
-2.8657873e+00 2.4060534e+01 -5.4072753e+01 -8.5240596e+01 -8.5166537e+01
-2.9828123e+00 2.3975703e+01 -5.2929949e+01 -8.5240703e+01 -8.5166943e+01
-3.0997425e+00 2.3888405e+01 -5.1761724e+01 -8.5240794e+01 -8.5167344e+01
-3.2165800e+00 2.3798751e+01 -5.0568691e+01 -8.5240869e+01 -8.5167742e+01
-3.3333272e+00 2.3706845e+01 -4.9351554e+01 -8.5240927e+01 -8.5168135e+01
-3.4499864e+00 2.3612790e+01 -4.8111101e+01 -8.5240969e+01 -8.5168523e+01
-3.5665601e+00 2.3516682e+01 -4.6848210e+01 -8.5240994e+01 -8.5168908e+01
-3.6830510e+00 2.3418614e+01 -4.5563845e+01 -8.5241002e+01 -8.5169289e+01
-3.7994619e+00 2.3318676e+01 -4.4259055e+01 -8.5240994e+01 -8.5169665e+01
-3.9157956e+00 2.3216953e+01 -4.2934973e+01 -8.5240969e+01 -8.5170038e+01
-4.0320551e+00 2.3113527e+01 -4.1592812e+01 -8.5240926e+01 -8.5170408e+01
-4.1482433e+00 2.3008477e+01 -4.0233865e+01 -8.5240866e+01 -8.5170773e+01
-4.2643633e+00 2.2901879e+01 -3.8859496e+01 -8.5240790e+01 -8.5171136e+01
-4.3804180e+00 2.2793805e+01 -3.7471139e+01 -8.5240695e+01 -8.5171495e+01
-4.4964104e+00 2.2684323e+01 -3.6070293e+01 -8.5240583e+01 -8.5171852e+01
-4.6123435e+00 2.2573502e+01 -3.4658514e+01 -8.5240454e+01 -8.5172206e+01
-4.7282202e+00 2.2461403e+01 -3.3237412e+01 -8.5240306e+01 -8.5172557e+01
-4.8440434e+00 2.2348088e+01 -3.1808640e+01 -8.5240140e+01 -8.5172905e+01
-4.9598158e+00 2.2233616e+01 -3.0373892e+01 -8.5239957e+01 -8.5173252e+01
-5.0755402e+00 2.2118041e+01 -2.8934892e+01 -8.5239754e+01 -8.5173596e+01
-5.1912192e+00 2.2001418e+01 -2.7493388e+01 -8.5239533e+01 -8.5173939e+01
-5.3068553e+00 2.1883797e+01 -2.6051143e+01 -8.5239293e+01 -8.5174280e+01
-5.4224511e+00 2.1765227e+01 -2.4609927e+01 -8.5239033e+01 -8.5174620e+01
-5.5380089e+00 2.1645755e+01 -2.3171510e+01 -8.5238754e+01 -8.5174958e+01
-5.6535310e+00 2.1525427e+01 -2.1737653e+01 -8.5238455e+01 -8.5175295e+01
-5.7690196e+00 2.1404283e+01 -2.0310099e+01 -8.5238135e+01 -8.5175632e+01
-5.8844767e+00 2.1282367e+01 -1.8890568e+01 -8.5237794e+01 -8.5175967e+01
-5.9999046e+00 2.1159716e+01 -1.7480746e+01 -8.5237431e+01 -8.5176302e+01
-6.1153050e+00 2.1036369e+01 -1.6082281e+01 -8.5237047e+01 -8.5176636e+01
-6.2306799e+00 2.0912360e+01 -1.4696772e+01 -8.5236640e+01 -8.5176970e+01
-6.3460311e+00 2.0787725e+01 -1.3325766e+01 -8.5236209e+01 -8.5177304e+01
-6.4613603e+00 2.0662496e+01 -1.1970750e+01 -8.5235755e+01 -8.5177638e+01
-6.5766693e+00 2.0536705e+01 -1.0633147e+01 -8.5235275e+01 -8.5177972e+01
-6.6919596e+00 2.0410381e+01 -9.3143079e+00 -8.5234771e+01 -8.5178306e+01
-6.8072329e+00 2.0283553e+01 -8.0155121e+00 -8.5234239e+01 -8.5178640e+01
-6.9224906e+00 2.0156249e+01 -6.7379588e+00 -8.5233681e+01 -8.5178975e+01
-7.0377343e+00 2.0028495e+01 -5.4827666e+00 -8.5233095e+01 -8.5179310e+01
-7.1529654e+00 1.9900317e+01 -4.2509701e+00 -8.5232479e+01 -8.5179646e+01
-7.2681854e+00 1.9771737e+01 -3.0435182e+00 -8.5231833e+01 -8.5179983e+01
-7.3833955e+00 1.9642779e+01 -1.8612731e+00 -8.5231155e+01 -8.5180321e+01
-7.4985972e+00 1.9513466e+01 -7.0500906e-01 -8.5230445e+01 -8.5180660e+01
-7.6137919e+00 1.9383817e+01 4.2458718e-01 -8.5229701e+01 -8.5181000e+01
-7.7289807e+00 1.9253854e+01 1.5269161e+00 -8.5228921e+01 -8.5181341e+01
-7.8441651e+00 1.9123595e+01 2.6014643e+00 -8.5228105e+01 -8.5181683e+01
-7.9593463e+00 1.8993059e+01 3.6478032e+00 -8.5227251e+01 -8.5182026e+01
-8.0745256e+00 1.8862263e+01 4.6655867e+00 -8.5226356e+01 -8.5182371e+01
-8.1897043e+00 1.8731224e+01 5.6545492e+00 -8.5225421e+01 -8.5182718e+01
-8.3048836e+00 1.8599959e+01 6.6145027e+00 -8.5224441e+01 -8.5183066e+01
-8.4200647e+00 1.8468483e+01 7.5453339e+00 -8.5223417e+01 -8.5183416e+01
-8.5352491e+00 1.8336810e+01 8.4470006e+00 -8.5222345e+01 -8.5183768e+01
-8.6504378e+00 1.8204954e+01 9.3195285e+00 -8.5221223e+01 -8.5184121e+01
-8.7656323e+00 1.8072929e+01 1.0163007e+01 -8.5220051e+01 -8.5184476e+01
-8.8808337e+00 1.7940748e+01 1.0977587e+01 -8.5218824e+01 -8.5184834e+01
-8.9960433e+00 1.7808424e+01 1.1763474e+01 -8.5217541e+01 -8.5185193e+01
-9.1112626e+00 1.7675967e+01 1.2520927e+01 -8.5216198e+01 -8.5185554e+01
-9.2264926e+00 1.7543389e+01 1.3250252e+01 -8.5214794e+01 -8.5185918e+01
-9.3417349e+00 1.7410701e+01 1.3951801e+01 -8.5213326e+01 -8.5186283e+01
-9.4569906e+00 1.7277913e+01 1.4625964e+01 -8.5211790e+01 -8.5186651e+01
-9.5722613e+00 1.7145035e+01 1.5273171e+01 -8.5210182e+01 -8.5187022e+01
-9.6875481e+00 1.7012076e+01 1.5893881e+01 -8.5208501e+01 -8.5187394e+01
-9.8028526e+00 1.6879046e+01 1.6488583e+01 -8.5206742e+01 -8.5187769e+01
-9.9181761e+00 1.6745953e+01 1.7057793e+01 -8.5204901e+01 -8.5188147e+01
-1.0033520e+01 1.6612804e+01 1.7602046e+01 -8.5202975e+01 -8.5188527e+01
-1.0148886e+01 1.6479609e+01 1.8121897e+01 -8.5200959e+01 -8.5188909e+01
-1.0264275e+01 1.6346374e+01 1.8617919e+01 -8.5198850e+01 -8.5189295e+01
-1.0379689e+01 1.6213106e+01 1.9090693e+01 -8.5196641e+01 -8.5189683e+01
-1.0495130e+01 1.6079813e+01 1.9540814e+01 -8.5194330e+01 -8.5190073e+01
-1.0610598e+01 1.5946500e+01 1.9968881e+01 -8.5191910e+01 -8.5190467e+01
-1.0726096e+01 1.5813175e+01 2.0375500e+01 -8.5189376e+01 -8.5190863e+01
-1.0841625e+01 1.5679842e+01 2.0761280e+01 -8.5186723e+01 -8.5191262e+01
-1.0957187e+01 1.5546508e+01 2.1126828e+01 -8.5183945e+01 -8.5191664e+01
-1.1072783e+01 1.5413179e+01 2.1472752e+01 -8.5181035e+01 -8.5192068e+01
-1.1188415e+01 1.5279858e+01 2.1799656e+01 -8.5177987e+01 -8.5192476e+01
-1.1304085e+01 1.5146552e+01 2.2108142e+01 -8.5174794e+01 -8.5192887e+01
-1.1419795e+01 1.5013264e+01 2.2398801e+01 -8.5171449e+01 -8.5193301e+01
-1.1535546e+01 1.4880000e+01 2.2672221e+01 -8.5167944e+01 -8.5193717e+01
-1.1651340e+01 1.4746764e+01 2.2928981e+01 -8.5164272e+01 -8.5194137e+01
-1.1767179e+01 1.4613559e+01 2.3169650e+01 -8.5160423e+01 -8.5194560e+01
-1.1883064e+01 1.4480390e+01 2.3394787e+01 -8.5156389e+01 -8.5194986e+01
-1.1998999e+01 1.4347260e+01 2.3604939e+01 -8.5152160e+01 -8.5195416e+01
-1.2114984e+01 1.4214173e+01 2.3800644e+01 -8.5147727e+01 -8.5195848e+01
-1.2231022e+01 1.4081132e+01 2.3982426e+01 -8.5143079e+01 -8.5196284e+01
-1.2347114e+01 1.3948141e+01 2.4150798e+01 -8.5138206e+01 -8.5196724e+01
-1.2463263e+01 1.3815202e+01 2.4306258e+01 -8.5133096e+01 -8.5197166e+01
-1.2579471e+01 1.3682319e+01 2.4449294e+01 -8.5127737e+01 -8.5197612e+01
-1.2695740e+01 1.3549493e+01 2.4580378e+01 -8.5122117e+01 -8.5198061e+01
-1.2812072e+01 1.3416729e+01 2.4699970e+01 -8.5116221e+01 -8.5198514e+01
-1.2928469e+01 1.3284028e+01 2.4808515e+01 -8.5110036e+01 -8.5198970e+01
